Generated by database/atmosphere/generate_atmosphere_table.py (pymsis)

Model: NRLMSISE-00
Date and time (UTC): 2015-01-01T01:30:00+00:00
Longitude [deg. East]: 1 point(s), 45.0 to 45.0
Latitude [deg. North]: 1 point(s), 55.0 to 55.0
F10.7 = 140.0, F10.7A = 146.0, Ap = 8.0
The species below the lower bound of the model are written as zero.

   Selected parameters are:
1 Height, km
2 O, cm-3
3 N2, cm-3
4 O2, cm-3
5 Mass_density, g/cm-3
6 Temperature_neutral, K
7 N, cm-3

          1          2          3          4          5          6          7
        0.0  0.000e+00  2.101e+19  5.635e+18  1.292e-03  2.721e+02  0.000e+00
        1.0  0.000e+00  1.874e+19  5.026e+18  1.153e-03  2.689e+02  0.000e+00
        2.0  0.000e+00  1.681e+19  4.510e+18  1.034e-03  2.636e+02  0.000e+00
        3.0  0.000e+00  1.513e+19  4.058e+18  9.306e-04  2.569e+02  0.000e+00
        4.0  0.000e+00  1.361e+19  3.650e+18  8.372e-04  2.496e+02  0.000e+00
        5.0  0.000e+00  1.221e+19  3.276e+18  7.513e-04  2.421e+02  0.000e+00
        6.0  0.000e+00  1.091e+19  2.926e+18  6.711e-04  2.348e+02  0.000e+00
        7.0  0.000e+00  9.685e+18  2.598e+18  5.958e-04  2.283e+02  0.000e+00
        8.0  0.000e+00  8.536e+18  2.290e+18  5.252e-04  2.226e+02  0.000e+00
        9.0  0.000e+00  7.464e+18  2.002e+18  4.592e-04  2.181e+02  0.000e+00
       10.0  0.000e+00  6.471e+18  1.736e+18  3.981e-04  2.149e+02  0.000e+00
       11.0  0.000e+00  5.564e+18  1.493e+18  3.423e-04  2.132e+02  0.000e+00
       12.0  0.000e+00  4.757e+18  1.276e+18  2.927e-04  2.124e+02  0.000e+00
       13.0  0.000e+00  4.054e+18  1.088e+18  2.494e-04  2.123e+02  0.000e+00
       14.0  0.000e+00  3.453e+18  9.263e+17  2.124e-04  2.124e+02  0.000e+00
       15.0  0.000e+00  2.944e+18  7.897e+17  1.811e-04  2.122e+02  0.000e+00
       16.0  0.000e+00  2.516e+18  6.749e+17  1.548e-04  2.115e+02  0.000e+00
       17.0  0.000e+00  2.153e+18  5.775e+17  1.325e-04  2.104e+02  0.000e+00
       18.0  0.000e+00  1.842e+18  4.942e+17  1.133e-04  2.091e+02  0.000e+00
       19.0  0.000e+00  1.575e+18  4.225e+17  9.690e-05  2.078e+02  0.000e+00
       20.0  0.000e+00  1.344e+18  3.605e+17  8.268e-05  2.067e+02  0.000e+00
       21.0  0.000e+00  1.144e+18  3.068e+17  7.037e-05  2.060e+02  0.000e+00
       22.0  0.000e+00  9.711e+17  2.605e+17  5.975e-05  2.058e+02  0.000e+00
       23.0  0.000e+00  8.231e+17  2.208e+17  5.064e-05  2.059e+02  0.000e+00
       24.0  0.000e+00  6.966e+17  1.869e+17  4.286e-05  2.063e+02  0.000e+00
       25.0  0.000e+00  5.888e+17  1.580e+17  3.623e-05  2.072e+02  0.000e+00
       26.0  0.000e+00  4.973e+17  1.334e+17  3.060e-05  2.084e+02  0.000e+00
       27.0  0.000e+00  4.198e+17  1.126e+17  2.583e-05  2.099e+02  0.000e+00
       28.0  0.000e+00  3.543e+17  9.506e+16  2.180e-05  2.117e+02  0.000e+00
       29.0  0.000e+00  2.991e+17  8.023e+16  1.840e-05  2.139e+02  0.000e+00
       30.0  0.000e+00  2.525e+17  6.774e+16  1.554e-05  2.165e+02  0.000e+00
       31.0  0.000e+00  2.133e+17  5.723e+16  1.312e-05  2.194e+02  0.000e+00
       32.0  0.000e+00  1.804e+17  4.838e+16  1.110e-05  2.227e+02  0.000e+00
       33.0  0.000e+00  1.527e+17  4.095e+16  9.392e-06  2.262e+02  0.000e+00
       34.0  0.000e+00  1.295e+17  3.475e+16  7.969e-06  2.299e+02  0.000e+00
       35.0  0.000e+00  1.102e+17  2.956e+16  6.779e-06  2.336e+02  0.000e+00
       36.0  0.000e+00  9.398e+16  2.521e+16  5.782e-06  2.372e+02  0.000e+00
       37.0  0.000e+00  8.038e+16  2.156e+16  4.946e-06  2.408e+02  0.000e+00
       38.0  0.000e+00  6.895e+16  1.850e+16  4.242e-06  2.442e+02  0.000e+00
       39.0  0.000e+00  5.930e+16  1.591e+16  3.649e-06  2.475e+02  0.000e+00
       40.0  0.000e+00  5.115e+16  1.372e+16  3.147e-06  2.506e+02  0.000e+00
       41.0  0.000e+00  4.425e+16  1.187e+16  2.723e-06  2.533e+02  0.000e+00
       42.0  0.000e+00  3.839e+16  1.030e+16  2.362e-06  2.558e+02  0.000e+00
       43.0  0.000e+00  3.340e+16  8.960e+15  2.055e-06  2.578e+02  0.000e+00
       44.0  0.000e+00  2.914e+16  7.817e+15  1.793e-06  2.594e+02  0.000e+00
       45.0  0.000e+00  2.549e+16  6.838e+15  1.568e-06  2.605e+02  0.000e+00
       46.0  0.000e+00  2.236e+16  5.997e+15  1.375e-06  2.610e+02  0.000e+00
       47.0  0.000e+00  1.965e+16  5.271e+15  1.209e-06  2.610e+02  0.000e+00
       48.0  0.000e+00  1.730e+16  4.641e+15  1.064e-06  2.606e+02  0.000e+00
       49.0  0.000e+00  1.525e+16  4.091e+15  9.383e-07  2.597e+02  0.000e+00
       50.0  0.000e+00  1.346e+16  3.610e+15  8.279e-07  2.585e+02  0.000e+00
       51.0  0.000e+00  1.188e+16  3.187e+15  7.309e-07  2.570e+02  0.000e+00
       52.0  0.000e+00  1.049e+16  2.814e+15  6.454e-07  2.552e+02  0.000e+00
       53.0  0.000e+00  9.262e+15  2.485e+15  5.698e-07  2.532e+02  0.000e+00
       54.0  0.000e+00  8.173e+15  2.193e+15  5.029e-07  2.512e+02  0.000e+00
       55.0  0.000e+00  7.208e+15  1.934e+15  4.435e-07  2.490e+02  0.000e+00
       56.0  0.000e+00  6.350e+15  1.704e+15  3.907e-07  2.468e+02  0.000e+00
       57.0  0.000e+00  5.589e+15  1.499e+15  3.439e-07  2.446e+02  0.000e+00
       58.0  0.000e+00  4.914e+15  1.318e+15  3.023e-07  2.424e+02  0.000e+00
       59.0  0.000e+00  4.314e+15  1.157e+15  2.654e-07  2.402e+02  0.000e+00
       60.0  0.000e+00  3.783e+15  1.015e+15  2.328e-07  2.381e+02  0.000e+00
       61.0  0.000e+00  3.313e+15  8.888e+14  2.038e-07  2.360e+02  0.000e+00
       62.0  0.000e+00  2.897e+15  7.773e+14  1.783e-07  2.340e+02  0.000e+00
       63.0  0.000e+00  2.530e+15  6.779e+14  1.556e-07  2.321e+02  0.000e+00
       64.0  0.000e+00  2.206e+15  5.897e+14  1.356e-07  2.302e+02  0.000e+00
       65.0  0.000e+00  1.921e+15  5.122e+14  1.180e-07  2.285e+02  0.000e+00
       66.0  0.000e+00  1.670e+15  4.442e+14  1.026e-07  2.269e+02  0.000e+00
       67.0  0.000e+00  1.450e+15  3.847e+14  8.898e-08  2.254e+02  0.000e+00
       68.0  0.000e+00  1.257e+15  3.327e+14  7.710e-08  2.240e+02  0.000e+00
       69.0  0.000e+00  1.088e+15  2.873e+14  6.671e-08  2.228e+02  0.000e+00
       70.0  0.000e+00  9.408e+14  2.478e+14  5.763e-08  2.217e+02  0.000e+00
       71.0  0.000e+00  8.122e+14  2.134e+14  4.973e-08  2.208e+02  0.000e+00
       72.0  0.000e+00  7.003e+14  1.835e+14  4.285e-08  2.200e+02  0.000e+00
       73.0  7.678e+06  6.040e+14  1.579e+14  3.694e-08  2.194e+02  2.284e+04
       74.0  1.985e+07  5.203e+14  1.358e+14  3.181e-08  2.187e+02  2.466e+04
       75.0  5.027e+07  4.482e+14  1.167e+14  2.738e-08  2.178e+02  2.665e+04
       76.0  1.238e+08  3.861e+14  1.003e+14  2.358e-08  2.169e+02  2.884e+04
       77.0  2.947e+08  3.325e+14  8.616e+13  2.030e-08  2.158e+02  3.124e+04
       78.0  6.733e+08  2.864e+14  7.399e+13  1.747e-08  2.146e+02  3.387e+04
       79.0  1.470e+09  2.465e+14  6.351e+13  1.503e-08  2.134e+02  3.674e+04
       80.0  3.057e+09  2.121e+14  5.448e+13  1.292e-08  2.120e+02  3.987e+04
       81.0  6.037e+09  1.824e+14  4.669e+13  1.110e-08  2.105e+02  4.328e+04
       82.0  1.130e+10  1.568e+14  3.998e+13  9.536e-09  2.090e+02  4.698e+04
       83.0  2.005e+10  1.347e+14  3.420e+13  8.183e-09  2.074e+02  5.098e+04
       84.0  3.372e+10  1.156e+14  2.923e+13  7.016e-09  2.057e+02  5.531e+04
       85.0  5.380e+10  9.909e+13  2.494e+13  6.010e-09  2.039e+02  5.998e+04
       86.0  8.155e+10  8.488e+13  2.126e+13  5.143e-09  2.021e+02  6.501e+04
       87.0  1.177e+11  7.262e+13  1.809e+13  4.396e-09  2.002e+02  7.040e+04
       88.0  1.622e+11  6.207e+13  1.537e+13  3.754e-09  1.983e+02  7.618e+04
       89.0  2.138e+11  5.298e+13  1.304e+13  3.201e-09  1.963e+02  8.235e+04
       90.0  2.705e+11  4.516e+13  1.104e+13  2.727e-09  1.943e+02  8.893e+04
       91.0  3.293e+11  3.844e+13  9.325e+12  2.320e-09  1.923e+02  9.592e+04
       92.0  3.870e+11  3.265e+13  7.858e+12  1.970e-09  1.903e+02  1.033e+05
       93.0  4.400e+11  2.768e+13  6.603e+12  1.670e-09  1.885e+02  1.111e+05
       94.0  4.852e+11  2.341e+13  5.531e+12  1.412e-09  1.869e+02  1.192e+05
       95.0  5.205e+11  1.974e+13  4.616e+12  1.191e-09  1.855e+02  1.276e+05
       96.0  5.444e+11  1.660e+13  3.839e+12  1.002e-09  1.844e+02  1.364e+05
       97.0  5.566e+11  1.392e+13  3.180e+12  8.408e-10  1.838e+02  1.456e+05
       98.0  5.577e+11  1.164e+13  2.625e+12  7.037e-10  1.836e+02  1.550e+05
       99.0  5.487e+11  9.712e+12  2.158e+12  5.874e-10  1.840e+02  1.649e+05
      100.0  5.314e+11  8.081e+12  1.768e+12  4.891e-10  1.849e+02  1.751e+05
      101.0  5.074e+11  6.709e+12  1.443e+12  4.064e-10  1.865e+02  1.858e+05
      102.0  4.789e+11  5.562e+12  1.175e+12  3.372e-10  1.889e+02  1.971e+05
      103.0  4.477e+11  4.607e+12  9.548e+11  2.796e-10  1.919e+02  2.091e+05
      104.0  4.152e+11  3.816e+12  7.749e+11  2.319e-10  1.956e+02  2.219e+05
      105.0  3.826e+11  3.163e+12  6.285e+11  1.924e-10  2.000e+02  2.358e+05
      106.0  3.507e+11  2.624e+12  5.098e+11  1.598e-10  2.052e+02  2.508e+05
      107.0  3.202e+11  2.180e+12  4.137e+11  1.330e-10  2.111e+02  2.669e+05
      108.0  2.914e+11  1.815e+12  3.362e+11  1.109e-10  2.179e+02  2.844e+05
      109.0  2.645e+11  1.514e+12  2.736e+11  9.269e-11  2.255e+02  3.033e+05
      110.0  2.397e+11  1.267e+12  2.231e+11  7.769e-11  2.340e+02  3.236e+05
      111.0  2.168e+11  1.063e+12  1.823e+11  6.532e-11  2.435e+02  3.454e+05
      112.0  1.960e+11  8.943e+11  1.495e+11  5.510e-11  2.540e+02  3.688e+05
      113.0  1.770e+11  7.552e+11  1.229e+11  4.664e-11  2.655e+02  3.937e+05
      114.0  1.599e+11  6.400e+11  1.014e+11  3.963e-11  2.782e+02  4.204e+05
      115.0  1.444e+11  5.446e+11  8.405e+10  3.382e-11  2.919e+02  4.489e+05
      116.0  1.306e+11  4.653e+11  6.995e+10  2.898e-11  3.068e+02  4.793e+05
      117.0  1.182e+11  3.994e+11  5.849e+10  2.495e-11  3.226e+02  5.120e+05
      118.0  1.072e+11  3.446e+11  4.916e+10  2.159e-11  3.393e+02  5.471e+05
      119.0  9.748e+10  2.989e+11  4.156e+10  1.878e-11  3.567e+02  5.852e+05
      120.0  8.893e+10  2.608e+11  3.536e+10  1.644e-11  3.744e+02  6.269e+05
      121.0  8.145e+10  2.290e+11  3.029e+10  1.448e-11  3.921e+02  6.730e+05
      122.0  7.500e+10  2.027e+11  2.615e+10  1.286e-11  4.091e+02  7.246e+05
      123.0  6.949e+10  1.808e+11  2.277e+10  1.151e-11  4.246e+02  7.833e+05
      124.0  6.496e+10  1.630e+11  2.004e+10  1.041e-11  4.372e+02  8.523e+05
      125.0  6.083e+10  1.474e+11  1.770e+10  9.443e-12  4.498e+02  9.267e+05
      126.0  5.709e+10  1.338e+11  1.570e+10  8.601e-12  4.620e+02  1.007e+06
      127.0  5.371e+10  1.219e+11  1.398e+10  7.861e-12  4.737e+02  1.095e+06
      128.0  5.063e+10  1.113e+11  1.248e+10  7.207e-12  4.851e+02  1.189e+06
      129.0  4.781e+10  1.020e+11  1.119e+10  6.627e-12  4.961e+02  1.290e+06
      130.0  4.524e+10  9.371e+10  1.006e+10  6.111e-12  5.068e+02  1.398e+06
      131.0  4.287e+10  8.630e+10  9.069e+09  5.649e-12  5.171e+02  1.513e+06
      132.0  4.069e+10  7.966e+10  8.199e+09  5.234e-12  5.271e+02  1.636e+06
      133.0  3.868e+10  7.369e+10  7.431e+09  4.861e-12  5.367e+02  1.766e+06
      134.0  3.681e+10  6.829e+10  6.751e+09  4.523e-12  5.460e+02  1.903e+06
      135.0  3.509e+10  6.341e+10  6.148e+09  4.217e-12  5.550e+02  2.049e+06
      136.0  3.348e+10  5.899e+10  5.611e+09  3.939e-12  5.637e+02  2.201e+06
      137.0  3.198e+10  5.495e+10  5.131e+09  3.686e-12  5.721e+02  2.361e+06
      138.0  3.059e+10  5.128e+10  4.701e+09  3.454e-12  5.803e+02  2.527e+06
      139.0  2.928e+10  4.791e+10  4.316e+09  3.242e-12  5.881e+02  2.701e+06
      140.0  2.806e+10  4.483e+10  3.969e+09  3.047e-12  5.958e+02  2.881e+06
      141.0  2.691e+10  4.200e+10  3.657e+09  2.868e-12  6.031e+02  3.067e+06
      142.0  2.584e+10  3.940e+10  3.374e+09  2.703e-12  6.102e+02  3.259e+06
      143.0  2.482e+10  3.700e+10  3.118e+09  2.550e-12  6.171e+02  3.456e+06
      144.0  2.387e+10  3.478e+10  2.886e+09  2.409e-12  6.238e+02  3.659e+06
      145.0  2.296e+10  3.273e+10  2.674e+09  2.278e-12  6.302e+02  3.865e+06
      146.0  2.211e+10  3.083e+10  2.482e+09  2.156e-12  6.365e+02  4.076e+06
      147.0  2.130e+10  2.907e+10  2.306e+09  2.043e-12  6.425e+02  4.289e+06
      148.0  2.054e+10  2.743e+10  2.146e+09  1.938e-12  6.483e+02  4.506e+06
      149.0  1.981e+10  2.590e+10  1.999e+09  1.840e-12  6.540e+02  4.724e+06
      150.0  1.913e+10  2.448e+10  1.864e+09  1.748e-12  6.594e+02  4.943e+06
      151.0  1.847e+10  2.315e+10  1.740e+09  1.662e-12  6.647e+02  5.163e+06
      152.0  1.785e+10  2.192e+10  1.625e+09  1.582e-12  6.698e+02  5.382e+06
      153.0  1.725e+10  2.076e+10  1.520e+09  1.507e-12  6.747e+02  5.601e+06
      154.0  1.669e+10  1.967e+10  1.423e+09  1.436e-12  6.795e+02  5.818e+06
      155.0  1.615e+10  1.866e+10  1.334e+09  1.369e-12  6.841e+02  6.033e+06
      156.0  1.563e+10  1.770e+10  1.251e+09  1.307e-12  6.886e+02  6.244e+06
      157.0  1.514e+10  1.681e+10  1.174e+09  1.248e-12  6.929e+02  6.452e+06
      158.0  1.467e+10  1.597e+10  1.103e+09  1.192e-12  6.970e+02  6.656e+06
      159.0  1.422e+10  1.518e+10  1.037e+09  1.140e-12  7.011e+02  6.855e+06
      160.0  1.378e+10  1.443e+10  9.750e+08  1.090e-12  7.050e+02  7.048e+06
      161.0  1.337e+10  1.371e+10  9.178e+08  1.043e-12  7.088e+02  7.235e+06
      162.0  1.297e+10  1.305e+10  8.645e+08  9.988e-13  7.124e+02  7.416e+06
      163.0  1.259e+10  1.243e+10  8.148e+08  9.570e-13  7.160e+02  7.589e+06
      164.0  1.222e+10  1.184e+10  7.684e+08  9.173e-13  7.194e+02  7.755e+06
      165.0  1.187e+10  1.128e+10  7.251e+08  8.796e-13  7.227e+02  7.913e+06
      166.0  1.153e+10  1.076e+10  6.846e+08  8.439e-13  7.259e+02  8.063e+06
      167.0  1.120e+10  1.026e+10  6.467e+08  8.100e-13  7.290e+02  8.204e+06
      168.0  1.088e+10  9.788e+09  6.112e+08  7.778e-13  7.320e+02  8.337e+06
      169.0  1.058e+10  9.342e+09  5.779e+08  7.471e-13  7.349e+02  8.461e+06
      170.0  1.029e+10  8.918e+09  5.467e+08  7.180e-13  7.377e+02  8.575e+06
      171.0  1.000e+10  8.516e+09  5.174e+08  6.902e-13  7.404e+02  8.680e+06
      172.0  9.732e+09  8.135e+09  4.899e+08  6.637e-13  7.430e+02  8.776e+06
      173.0  9.469e+09  7.773e+09  4.640e+08  6.385e-13  7.455e+02  8.863e+06
      174.0  9.215e+09  7.429e+09  4.397e+08  6.144e-13  7.480e+02  8.940e+06
      175.0  8.969e+09  7.103e+09  4.168e+08  5.915e-13  7.504e+02  9.008e+06
      176.0  8.732e+09  6.792e+09  3.952e+08  5.696e-13  7.527e+02  9.066e+06
      177.0  8.502e+09  6.497e+09  3.749e+08  5.486e-13  7.549e+02  9.116e+06
      178.0  8.280e+09  6.216e+09  3.558e+08  5.286e-13  7.570e+02  9.156e+06
      179.0  8.065e+09  5.948e+09  3.377e+08  5.095e-13  7.591e+02  9.188e+06
      180.0  7.857e+09  5.693e+09  3.207e+08  4.912e-13  7.611e+02  9.211e+06
      181.0  7.656e+09  5.451e+09  3.046e+08  4.737e-13  7.631e+02  9.226e+06
      182.0  7.461e+09  5.219e+09  2.894e+08  4.569e-13  7.650e+02  9.233e+06
      183.0  7.271e+09  4.999e+09  2.750e+08  4.408e-13  7.668e+02  9.231e+06
      184.0  7.088e+09  4.789e+09  2.615e+08  4.255e-13  7.685e+02  9.222e+06
      185.0  6.910e+09  4.588e+09  2.486e+08  4.107e-13  7.702e+02  9.206e+06
      186.0  6.738e+09  4.397e+09  2.365e+08  3.966e-13  7.719e+02  9.183e+06
      187.0  6.570e+09  4.214e+09  2.250e+08  3.830e-13  7.735e+02  9.152e+06
      188.0  6.408e+09  4.039e+09  2.141e+08  3.700e-13  7.750e+02  9.116e+06
      189.0  6.250e+09  3.873e+09  2.037e+08  3.575e-13  7.765e+02  9.073e+06
      190.0  6.097e+09  3.714e+09  1.939e+08  3.455e-13  7.780e+02  9.024e+06
      191.0  5.949e+09  3.562e+09  1.847e+08  3.340e-13  7.794e+02  8.970e+06
      192.0  5.804e+09  3.416e+09  1.759e+08  3.229e-13  7.807e+02  8.911e+06
      193.0  5.664e+09  3.277e+09  1.675e+08  3.123e-13  7.820e+02  8.847e+06
      194.0  5.527e+09  3.144e+09  1.596e+08  3.020e-13  7.833e+02  8.778e+06
      195.0  5.395e+09  3.017e+09  1.521e+08  2.922e-13  7.845e+02  8.705e+06
      196.0  5.266e+09  2.896e+09  1.450e+08  2.827e-13  7.857e+02  8.628e+06
      197.0  5.141e+09  2.779e+09  1.382e+08  2.736e-13  7.869e+02  8.547e+06
      198.0  5.019e+09  2.668e+09  1.317e+08  2.648e-13  7.880e+02  8.463e+06
      199.0  4.900e+09  2.561e+09  1.256e+08  2.564e-13  7.890e+02  8.375e+06
      200.0  4.785e+09  2.459e+09  1.198e+08  2.483e-13  7.901e+02  8.285e+06
      201.0  4.672e+09  2.361e+09  1.143e+08  2.404e-13  7.911e+02  8.192e+06
      202.0  4.563e+09  2.268e+09  1.090e+08  2.329e-13  7.921e+02  8.097e+06
      203.0  4.457e+09  2.178e+09  1.040e+08  2.256e-13  7.930e+02  8.000e+06
      204.0  4.353e+09  2.092e+09  9.925e+07  2.186e-13  7.939e+02  7.901e+06
      205.0  4.252e+09  2.010e+09  9.473e+07  2.118e-13  7.948e+02  7.800e+06
      206.0  4.154e+09  1.931e+09  9.041e+07  2.053e-13  7.957e+02  7.698e+06
      207.0  4.058e+09  1.855e+09  8.631e+07  1.990e-13  7.965e+02  7.595e+06
      208.0  3.965e+09  1.782e+09  8.240e+07  1.930e-13  7.973e+02  7.490e+06
      209.0  3.874e+09  1.713e+09  7.868e+07  1.871e-13  7.981e+02  7.385e+06
      210.0  3.785e+09  1.646e+09  7.513e+07  1.815e-13  7.988e+02  7.279e+06
      211.0  3.699e+09  1.582e+09  7.176e+07  1.760e-13  7.995e+02  7.173e+06
      212.0  3.615e+09  1.521e+09  6.854e+07  1.707e-13  8.002e+02  7.066e+06
      213.0  3.533e+09  1.462e+09  6.547e+07  1.657e-13  8.009e+02  6.959e+06
      214.0  3.453e+09  1.405e+09  6.255e+07  1.607e-13  8.016e+02  6.852e+06
      215.0  3.375e+09  1.351e+09  5.976e+07  1.560e-13  8.022e+02  6.745e+06
      216.0  3.299e+09  1.299e+09  5.710e+07  1.514e-13  8.028e+02  6.638e+06
      217.0  3.224e+09  1.249e+09  5.457e+07  1.470e-13  8.034e+02  6.531e+06
      218.0  3.152e+09  1.201e+09  5.215e+07  1.427e-13  8.040e+02  6.425e+06
      219.0  3.081e+09  1.155e+09  4.984e+07  1.385e-13  8.045e+02  6.320e+06
      220.0  3.012e+09  1.111e+09  4.764e+07  1.345e-13  8.051e+02  6.214e+06
      221.0  2.945e+09  1.068e+09  4.554e+07  1.307e-13  8.056e+02  6.110e+06
      222.0  2.880e+09  1.027e+09  4.354e+07  1.269e-13  8.061e+02  6.006e+06
      223.0  2.815e+09  9.883e+08  4.163e+07  1.233e-13  8.066e+02  5.904e+06
      224.0  2.753e+09  9.506e+08  3.980e+07  1.198e-13  8.071e+02  5.802e+06
      225.0  2.692e+09  9.145e+08  3.806e+07  1.164e-13  8.075e+02  5.701e+06
      226.0  2.632e+09  8.798e+08  3.640e+07  1.131e-13  8.080e+02  5.601e+06
      227.0  2.574e+09  8.464e+08  3.481e+07  1.099e-13  8.084e+02  5.502e+06
      228.0  2.517e+09  8.143e+08  3.329e+07  1.068e-13  8.088e+02  5.404e+06
      229.0  2.462e+09  7.835e+08  3.184e+07  1.038e-13  8.092e+02  5.307e+06
      230.0  2.408e+09  7.539e+08  3.046e+07  1.009e-13  8.096e+02  5.212e+06
      231.0  2.355e+09  7.254e+08  2.914e+07  9.813e-14  8.100e+02  5.117e+06
      232.0  2.303e+09  6.981e+08  2.787e+07  9.541e-14  8.104e+02  5.024e+06
      233.0  2.253e+09  6.718e+08  2.667e+07  9.278e-14  8.107e+02  4.932e+06
      234.0  2.204e+09  6.465e+08  2.552e+07  9.024e-14  8.111e+02  4.842e+06
      235.0  2.156e+09  6.222e+08  2.441e+07  8.777e-14  8.114e+02  4.752e+06
      236.0  2.109e+09  5.989e+08  2.336e+07  8.537e-14  8.117e+02  4.664e+06
      237.0  2.063e+09  5.764e+08  2.236e+07  8.305e-14  8.120e+02  4.578e+06
      238.0  2.018e+09  5.548e+08  2.139e+07  8.080e-14  8.123e+02  4.492e+06
      239.0  1.974e+09  5.340e+08  2.048e+07  7.862e-14  8.126e+02  4.408e+06
      240.0  1.931e+09  5.140e+08  1.960e+07  7.650e-14  8.129e+02  4.325e+06
      241.0  1.889e+09  4.948e+08  1.876e+07  7.445e-14  8.132e+02  4.244e+06
      242.0  1.848e+09  4.764e+08  1.795e+07  7.246e-14  8.134e+02  4.164e+06
      243.0  1.808e+09  4.586e+08  1.719e+07  7.052e-14  8.137e+02  4.085e+06
      244.0  1.769e+09  4.415e+08  1.645e+07  6.865e-14  8.139e+02  4.007e+06
      245.0  1.731e+09  4.251e+08  1.575e+07  6.683e-14  8.142e+02  3.931e+06
      246.0  1.694e+09  4.092e+08  1.508e+07  6.507e-14  8.144e+02  3.856e+06
      247.0  1.657e+09  3.940e+08  1.443e+07  6.335e-14  8.146e+02  3.783e+06
      248.0  1.622e+09  3.794e+08  1.382e+07  6.169e-14  8.148e+02  3.710e+06
      249.0  1.587e+09  3.653e+08  1.323e+07  6.007e-14  8.151e+02  3.639e+06
      250.0  1.553e+09  3.518e+08  1.267e+07  5.851e-14  8.153e+02  3.569e+06
      251.0  1.519e+09  3.387e+08  1.213e+07  5.698e-14  8.155e+02  3.501e+06
      252.0  1.487e+09  3.262e+08  1.162e+07  5.551e-14  8.156e+02  3.434e+06
      253.0  1.455e+09  3.141e+08  1.113e+07  5.407e-14  8.158e+02  3.367e+06
      254.0  1.424e+09  3.025e+08  1.065e+07  5.268e-14  8.160e+02  3.303e+06
      255.0  1.393e+09  2.913e+08  1.020e+07  5.132e-14  8.162e+02  3.239e+06
      256.0  1.364e+09  2.805e+08  9.772e+06  5.000e-14  8.163e+02  3.176e+06
      257.0  1.334e+09  2.702e+08  9.359e+06  4.873e-14  8.165e+02  3.115e+06
      258.0  1.306e+09  2.602e+08  8.964e+06  4.748e-14  8.167e+02  3.055e+06
      259.0  1.278e+09  2.506e+08  8.586e+06  4.627e-14  8.168e+02  2.996e+06
      260.0  1.251e+09  2.414e+08  8.224e+06  4.510e-14  8.170e+02  2.938e+06
      261.0  1.224e+09  2.325e+08  7.877e+06  4.396e-14  8.171e+02  2.881e+06
      262.0  1.198e+09  2.240e+08  7.546e+06  4.285e-14  8.172e+02  2.826e+06
      263.0  1.173e+09  2.157e+08  7.228e+06  4.177e-14  8.174e+02  2.771e+06
      264.0  1.148e+09  2.078e+08  6.925e+06  4.072e-14  8.175e+02  2.717e+06
      265.0  1.123e+09  2.002e+08  6.634e+06  3.970e-14  8.176e+02  2.665e+06
      266.0  1.100e+09  1.928e+08  6.355e+06  3.871e-14  8.178e+02  2.613e+06
      267.0  1.076e+09  1.857e+08  6.089e+06  3.775e-14  8.179e+02  2.563e+06
      268.0  1.054e+09  1.789e+08  5.833e+06  3.681e-14  8.180e+02  2.513e+06
      269.0  1.031e+09  1.724e+08  5.589e+06  3.590e-14  8.181e+02  2.465e+06
      270.0  1.009e+09  1.661e+08  5.355e+06  3.501e-14  8.182e+02  2.417e+06
      271.0  9.881e+08  1.600e+08  5.131e+06  3.415e-14  8.183e+02  2.370e+06
      272.0  9.672e+08  1.541e+08  4.916e+06  3.331e-14  8.184e+02  2.325e+06
      273.0  9.468e+08  1.485e+08  4.711e+06  3.249e-14  8.185e+02  2.280e+06
      274.0  9.268e+08  1.431e+08  4.514e+06  3.170e-14  8.186e+02  2.236e+06
      275.0  9.072e+08  1.378e+08  4.325e+06  3.092e-14  8.187e+02  2.193e+06
      276.0  8.881e+08  1.328e+08  4.145e+06  3.017e-14  8.188e+02  2.150e+06
      277.0  8.694e+08  1.280e+08  3.972e+06  2.944e-14  8.189e+02  2.109e+06
      278.0  8.511e+08  1.233e+08  3.807e+06  2.872e-14  8.189e+02  2.068e+06
      279.0  8.332e+08  1.188e+08  3.648e+06  2.803e-14  8.190e+02  2.028e+06
      280.0  8.157e+08  1.145e+08  3.496e+06  2.735e-14  8.191e+02  1.989e+06
      281.0  7.985e+08  1.103e+08  3.351e+06  2.669e-14  8.192e+02  1.951e+06
      282.0  7.817e+08  1.063e+08  3.211e+06  2.605e-14  8.192e+02  1.914e+06
      283.0  7.653e+08  1.024e+08  3.078e+06  2.543e-14  8.193e+02  1.877e+06
      284.0  7.492e+08  9.868e+07  2.950e+06  2.482e-14  8.194e+02  1.841e+06
      285.0  7.335e+08  9.509e+07  2.827e+06  2.422e-14  8.195e+02  1.806e+06
      286.0  7.181e+08  9.164e+07  2.710e+06  2.365e-14  8.195e+02  1.771e+06
      287.0  7.031e+08  8.831e+07  2.598e+06  2.309e-14  8.196e+02  1.737e+06
      288.0  6.884e+08  8.510e+07  2.490e+06  2.254e-14  8.196e+02  1.704e+06
      289.0  6.740e+08  8.201e+07  2.387e+06  2.201e-14  8.197e+02  1.671e+06
      290.0  6.598e+08  7.903e+07  2.288e+06  2.149e-14  8.198e+02  1.639e+06
      291.0  6.460e+08  7.617e+07  2.193e+06  2.098e-14  8.198e+02  1.608e+06
      292.0  6.325e+08  7.341e+07  2.102e+06  2.049e-14  8.199e+02  1.577e+06
      293.0  6.193e+08  7.075e+07  2.015e+06  2.000e-14  8.199e+02  1.547e+06
      294.0  6.064e+08  6.818e+07  1.932e+06  1.954e-14  8.200e+02  1.518e+06
      295.0  5.937e+08  6.571e+07  1.852e+06  1.908e-14  8.200e+02  1.489e+06
      296.0  5.813e+08  6.334e+07  1.776e+06  1.863e-14  8.201e+02  1.461e+06
      297.0  5.692e+08  6.104e+07  1.702e+06  1.820e-14  8.201e+02  1.433e+06
      298.0  5.573e+08  5.884e+07  1.632e+06  1.778e-14  8.201e+02  1.406e+06
      299.0  5.457e+08  5.671e+07  1.565e+06  1.737e-14  8.202e+02  1.379e+06
      300.0  5.343e+08  5.466e+07  1.500e+06  1.696e-14  8.202e+02  1.353e+06
      301.0  5.232e+08  5.268e+07  1.438e+06  1.657e-14  8.203e+02  1.327e+06
      302.0  5.123e+08  5.078e+07  1.379e+06  1.619e-14  8.203e+02  1.302e+06
      303.0  5.016e+08  4.895e+07  1.322e+06  1.582e-14  8.203e+02  1.277e+06
      304.0  4.912e+08  4.718e+07  1.268e+06  1.545e-14  8.204e+02  1.253e+06
      305.0  4.810e+08  4.548e+07  1.215e+06  1.510e-14  8.204e+02  1.230e+06
      306.0  4.710e+08  4.384e+07  1.165e+06  1.475e-14  8.204e+02  1.206e+06
      307.0  4.612e+08  4.226e+07  1.118e+06  1.442e-14  8.205e+02  1.184e+06
      308.0  4.516e+08  4.074e+07  1.072e+06  1.409e-14  8.205e+02  1.161e+06
      309.0  4.423e+08  3.927e+07  1.028e+06  1.377e-14  8.205e+02  1.140e+06
      310.0  4.331e+08  3.786e+07  9.853e+05  1.345e-14  8.206e+02  1.118e+06
      311.0  4.241e+08  3.649e+07  9.449e+05  1.315e-14  8.206e+02  1.097e+06
      312.0  4.153e+08  3.518e+07  9.061e+05  1.285e-14  8.206e+02  1.077e+06
      313.0  4.067e+08  3.392e+07  8.689e+05  1.256e-14  8.207e+02  1.056e+06
      314.0  3.983e+08  3.270e+07  8.333e+05  1.228e-14  8.207e+02  1.037e+06
      315.0  3.900e+08  3.152e+07  7.991e+05  1.200e-14  8.207e+02  1.017e+06
      316.0  3.819e+08  3.039e+07  7.663e+05  1.173e-14  8.207e+02  9.982e+05
      317.0  3.740e+08  2.930e+07  7.349e+05  1.147e-14  8.208e+02  9.795e+05
      318.0  3.663e+08  2.825e+07  7.048e+05  1.121e-14  8.208e+02  9.613e+05
      319.0  3.587e+08  2.723e+07  6.760e+05  1.096e-14  8.208e+02  9.433e+05
      320.0  3.513e+08  2.625e+07  6.483e+05  1.071e-14  8.208e+02  9.258e+05
      321.0  3.440e+08  2.531e+07  6.218e+05  1.048e-14  8.208e+02  9.085e+05
      322.0  3.369e+08  2.440e+07  5.963e+05  1.024e-14  8.209e+02  8.916e+05
      323.0  3.300e+08  2.353e+07  5.720e+05  1.001e-14  8.209e+02  8.750e+05
      324.0  3.232e+08  2.269e+07  5.486e+05  9.792e-15  8.209e+02  8.588e+05
      325.0  3.165e+08  2.187e+07  5.262e+05  9.575e-15  8.209e+02  8.428e+05
      326.0  3.100e+08  2.109e+07  5.047e+05  9.363e-15  8.209e+02  8.272e+05
      327.0  3.036e+08  2.034e+07  4.841e+05  9.157e-15  8.210e+02  8.119e+05
      328.0  2.973e+08  1.961e+07  4.643e+05  8.955e-15  8.210e+02  7.968e+05
      329.0  2.912e+08  1.891e+07  4.454e+05  8.757e-15  8.210e+02  7.821e+05
      330.0  2.852e+08  1.823e+07  4.272e+05  8.565e-15  8.210e+02  7.676e+05
      331.0  2.793e+08  1.758e+07  4.098e+05  8.377e-15  8.210e+02  7.534e+05
      332.0  2.736e+08  1.695e+07  3.931e+05  8.193e-15  8.210e+02  7.395e+05
      333.0  2.679e+08  1.635e+07  3.771e+05  8.014e-15  8.210e+02  7.259e+05
      334.0  2.624e+08  1.576e+07  3.617e+05  7.838e-15  8.211e+02  7.125e+05
      335.0  2.570e+08  1.520e+07  3.470e+05  7.667e-15  8.211e+02  6.994e+05
      336.0  2.517e+08  1.466e+07  3.329e+05  7.500e-15  8.211e+02  6.865e+05
      337.0  2.466e+08  1.413e+07  3.193e+05  7.337e-15  8.211e+02  6.739e+05
      338.0  2.415e+08  1.363e+07  3.063e+05  7.177e-15  8.211e+02  6.615e+05
      339.0  2.365e+08  1.314e+07  2.939e+05  7.022e-15  8.211e+02  6.493e+05
      340.0  2.317e+08  1.268e+07  2.819e+05  6.870e-15  8.211e+02  6.374e+05
      341.0  2.269e+08  1.222e+07  2.705e+05  6.721e-15  8.211e+02  6.257e+05
      342.0  2.223e+08  1.179e+07  2.595e+05  6.576e-15  8.212e+02  6.142e+05
      343.0  2.177e+08  1.137e+07  2.490e+05  6.434e-15  8.212e+02  6.030e+05
      344.0  2.133e+08  1.096e+07  2.388e+05  6.295e-15  8.212e+02  5.919e+05
      345.0  2.089e+08  1.057e+07  2.292e+05  6.159e-15  8.212e+02  5.811e+05
      346.0  2.046e+08  1.020e+07  2.199e+05  6.027e-15  8.212e+02  5.705e+05
      347.0  2.004e+08  9.834e+06  2.109e+05  5.898e-15  8.212e+02  5.600e+05
      348.0  1.963e+08  9.485e+06  2.024e+05  5.771e-15  8.212e+02  5.498e+05
      349.0  1.923e+08  9.148e+06  1.942e+05  5.648e-15  8.212e+02  5.398e+05
      350.0  1.884e+08  8.823e+06  1.863e+05  5.527e-15  8.212e+02  5.299e+05
      351.0  1.845e+08  8.509e+06  1.788e+05  5.409e-15  8.212e+02  5.203e+05
      352.0  1.807e+08  8.207e+06  1.715e+05  5.294e-15  8.212e+02  5.108e+05
      353.0  1.770e+08  7.916e+06  1.646e+05  5.181e-15  8.213e+02  5.015e+05
      354.0  1.734e+08  7.635e+06  1.579e+05  5.071e-15  8.213e+02  4.924e+05
      355.0  1.699e+08  7.364e+06  1.515e+05  4.963e-15  8.213e+02  4.834e+05
      356.0  1.664e+08  7.103e+06  1.454e+05  4.858e-15  8.213e+02  4.746e+05
      357.0  1.630e+08  6.851e+06  1.395e+05  4.755e-15  8.213e+02  4.660e+05
      358.0  1.597e+08  6.608e+06  1.339e+05  4.654e-15  8.213e+02  4.576e+05
      359.0  1.564e+08  6.374e+06  1.285e+05  4.556e-15  8.213e+02  4.493e+05
      360.0  1.532e+08  6.148e+06  1.233e+05  4.460e-15  8.213e+02  4.411e+05
      361.0  1.501e+08  5.930e+06  1.183e+05  4.366e-15  8.213e+02  4.331e+05
      362.0  1.470e+08  5.721e+06  1.135e+05  4.274e-15  8.213e+02  4.253e+05
      363.0  1.440e+08  5.518e+06  1.090e+05  4.184e-15  8.213e+02  4.176e+05
      364.0  1.411e+08  5.323e+06  1.046e+05  4.096e-15  8.213e+02  4.100e+05
      365.0  1.382e+08  5.135e+06  1.003e+05  4.010e-15  8.213e+02  4.026e+05
      366.0  1.354e+08  4.953e+06  9.630e+04  3.926e-15  8.213e+02  3.954e+05
      367.0  1.327e+08  4.778e+06  9.242e+04  3.844e-15  8.213e+02  3.882e+05
      368.0  1.300e+08  4.609e+06  8.870e+04  3.763e-15  8.213e+02  3.812e+05
      369.0  1.273e+08  4.446e+06  8.512e+04  3.685e-15  8.213e+02  3.743e+05
      370.0  1.247e+08  4.289e+06  8.170e+04  3.608e-15  8.214e+02  3.676e+05
      371.0  1.222e+08  4.138e+06  7.841e+04  3.533e-15  8.214e+02  3.610e+05
      372.0  1.197e+08  3.992e+06  7.525e+04  3.459e-15  8.214e+02  3.545e+05
      373.0  1.173e+08  3.851e+06  7.223e+04  3.388e-15  8.214e+02  3.481e+05
      374.0  1.149e+08  3.715e+06  6.932e+04  3.317e-15  8.214e+02  3.418e+05
      375.0  1.126e+08  3.584e+06  6.653e+04  3.248e-15  8.214e+02  3.357e+05
      376.0  1.103e+08  3.458e+06  6.386e+04  3.181e-15  8.214e+02  3.296e+05
      377.0  1.080e+08  3.336e+06  6.129e+04  3.115e-15  8.214e+02  3.237e+05
      378.0  1.058e+08  3.218e+06  5.883e+04  3.051e-15  8.214e+02  3.179e+05
      379.0  1.037e+08  3.105e+06  5.647e+04  2.988e-15  8.214e+02  3.122e+05
      380.0  1.016e+08  2.996e+06  5.420e+04  2.927e-15  8.214e+02  3.066e+05
      381.0  9.954e+07  2.890e+06  5.203e+04  2.866e-15  8.214e+02  3.011e+05
      382.0  9.752e+07  2.789e+06  4.994e+04  2.807e-15  8.214e+02  2.957e+05
      383.0  9.554e+07  2.690e+06  4.794e+04  2.750e-15  8.214e+02  2.904e+05
      384.0  9.361e+07  2.596e+06  4.602e+04  2.693e-15  8.214e+02  2.852e+05
      385.0  9.171e+07  2.505e+06  4.417e+04  2.638e-15  8.214e+02  2.801e+05
      386.0  8.986e+07  2.417e+06  4.240e+04  2.584e-15  8.214e+02  2.751e+05
      387.0  8.804e+07  2.332e+06  4.070e+04  2.531e-15  8.214e+02  2.702e+05
      388.0  8.626e+07  2.250e+06  3.907e+04  2.480e-15  8.214e+02  2.654e+05
      389.0  8.451e+07  2.171e+06  3.751e+04  2.429e-15  8.214e+02  2.606e+05
      390.0  8.281e+07  2.095e+06  3.601e+04  2.380e-15  8.214e+02  2.560e+05
      391.0  8.113e+07  2.021e+06  3.457e+04  2.331e-15  8.214e+02  2.514e+05
      392.0  7.949e+07  1.950e+06  3.318e+04  2.284e-15  8.214e+02  2.469e+05
      393.0  7.789e+07  1.882e+06  3.186e+04  2.237e-15  8.214e+02  2.425e+05
      394.0  7.631e+07  1.816e+06  3.058e+04  2.192e-15  8.214e+02  2.382e+05
      395.0  7.477e+07  1.752e+06  2.936e+04  2.148e-15  8.214e+02  2.340e+05
      396.0  7.327e+07  1.691e+06  2.819e+04  2.104e-15  8.214e+02  2.298e+05
      397.0  7.179e+07  1.631e+06  2.706e+04  2.062e-15  8.214e+02  2.257e+05
      398.0  7.034e+07  1.574e+06  2.598e+04  2.020e-15  8.214e+02  2.217e+05
      399.0  6.892e+07  1.519e+06  2.494e+04  1.979e-15  8.214e+02  2.178e+05
      400.0  6.753e+07  1.466e+06  2.395e+04  1.939e-15  8.214e+02  2.139e+05
      401.0  6.617e+07  1.415e+06  2.299e+04  1.900e-15  8.214e+02  2.101e+05
      402.0  6.484e+07  1.365e+06  2.208e+04  1.862e-15  8.214e+02  2.064e+05
      403.0  6.353e+07  1.317e+06  2.120e+04  1.825e-15  8.214e+02  2.027e+05
      404.0  6.225e+07  1.271e+06  2.035e+04  1.788e-15  8.214e+02  1.991e+05
      405.0  6.100e+07  1.227e+06  1.954e+04  1.752e-15  8.214e+02  1.956e+05
      406.0  5.977e+07  1.184e+06  1.876e+04  1.717e-15  8.214e+02  1.921e+05
      407.0  5.857e+07  1.143e+06  1.802e+04  1.683e-15  8.215e+02  1.887e+05
      408.0  5.739e+07  1.103e+06  1.730e+04  1.649e-15  8.215e+02  1.854e+05
      409.0  5.624e+07  1.064e+06  1.661e+04  1.616e-15  8.215e+02  1.821e+05
      410.0  5.511e+07  1.027e+06  1.595e+04  1.584e-15  8.215e+02  1.789e+05
      411.0  5.400e+07  9.914e+05  1.531e+04  1.553e-15  8.215e+02  1.757e+05
      412.0  5.292e+07  9.568e+05  1.471e+04  1.522e-15  8.215e+02  1.726e+05
      413.0  5.186e+07  9.234e+05  1.412e+04  1.492e-15  8.215e+02  1.695e+05
      414.0  5.082e+07  8.912e+05  1.356e+04  1.462e-15  8.215e+02  1.665e+05
      415.0  4.980e+07  8.602e+05  1.302e+04  1.433e-15  8.215e+02  1.636e+05
      416.0  4.880e+07  8.302e+05  1.250e+04  1.405e-15  8.215e+02  1.607e+05
      417.0  4.782e+07  8.013e+05  1.201e+04  1.377e-15  8.215e+02  1.579e+05
      418.0  4.686e+07  7.734e+05  1.153e+04  1.350e-15  8.215e+02  1.551e+05
      419.0  4.592e+07  7.465e+05  1.107e+04  1.323e-15  8.215e+02  1.524e+05
      420.0  4.500e+07  7.205e+05  1.063e+04  1.297e-15  8.215e+02  1.497e+05
      421.0  4.410e+07  6.954e+05  1.021e+04  1.272e-15  8.215e+02  1.470e+05
      422.0  4.322e+07  6.713e+05  9.807e+03  1.247e-15  8.215e+02  1.445e+05
      423.0  4.235e+07  6.479e+05  9.419e+03  1.222e-15  8.215e+02  1.419e+05
      424.0  4.150e+07  6.254e+05  9.046e+03  1.198e-15  8.215e+02  1.394e+05
      425.0  4.067e+07  6.037e+05  8.687e+03  1.175e-15  8.215e+02  1.370e+05
      426.0  3.986e+07  5.827e+05  8.343e+03  1.152e-15  8.215e+02  1.346e+05
      427.0  3.906e+07  5.625e+05  8.013e+03  1.129e-15  8.215e+02  1.322e+05
      428.0  3.828e+07  5.429e+05  7.696e+03  1.107e-15  8.215e+02  1.299e+05
      429.0  3.752e+07  5.241e+05  7.391e+03  1.086e-15  8.215e+02  1.276e+05
      430.0  3.677e+07  5.059e+05  7.099e+03  1.065e-15  8.215e+02  1.253e+05
      431.0  3.603e+07  4.884e+05  6.818e+03  1.044e-15  8.215e+02  1.231e+05
      432.0  3.531e+07  4.714e+05  6.549e+03  1.024e-15  8.215e+02  1.210e+05
      433.0  3.461e+07  4.551e+05  6.290e+03  1.004e-15  8.215e+02  1.189e+05
      434.0  3.392e+07  4.393e+05  6.041e+03  9.844e-16  8.215e+02  1.168e+05
      435.0  3.324e+07  4.241e+05  5.803e+03  9.654e-16  8.215e+02  1.147e+05
      436.0  3.258e+07  4.094e+05  5.574e+03  9.468e-16  8.215e+02  1.127e+05
      437.0  3.193e+07  3.952e+05  5.354e+03  9.285e-16  8.215e+02  1.107e+05
      438.0  3.129e+07  3.816e+05  5.142e+03  9.106e-16  8.215e+02  1.088e+05
      439.0  3.067e+07  3.683e+05  4.939e+03  8.931e-16  8.215e+02  1.069e+05
      440.0  3.006e+07  3.556e+05  4.745e+03  8.759e-16  8.215e+02  1.050e+05
      441.0  2.946e+07  3.433e+05  4.558e+03  8.591e-16  8.215e+02  1.032e+05
      442.0  2.887e+07  3.314e+05  4.378e+03  8.427e-16  8.215e+02  1.014e+05
      443.0  2.830e+07  3.200e+05  4.205e+03  8.265e-16  8.215e+02  9.962e+04
      444.0  2.774e+07  3.089e+05  4.040e+03  8.107e-16  8.215e+02  9.788e+04
      445.0  2.718e+07  2.982e+05  3.881e+03  7.952e-16  8.215e+02  9.617e+04
      446.0  2.664e+07  2.879e+05  3.728e+03  7.801e-16  8.215e+02  9.449e+04
      447.0  2.611e+07  2.780e+05  3.581e+03  7.652e-16  8.215e+02  9.284e+04
      448.0  2.560e+07  2.684e+05  3.440e+03  7.507e-16  8.215e+02  9.122e+04
      449.0  2.509e+07  2.592e+05  3.305e+03  7.364e-16  8.215e+02  8.963e+04
      450.0  2.459e+07  2.502e+05  3.175e+03  7.224e-16  8.215e+02  8.807e+04
      451.0  2.410e+07  2.416e+05  3.050e+03  7.087e-16  8.215e+02  8.641e+04
      452.0  2.362e+07  2.333e+05  2.930e+03  6.953e-16  8.215e+02  8.490e+04
      453.0  2.315e+07  2.252e+05  2.815e+03  6.822e-16  8.215e+02  8.343e+04
      454.0  2.269e+07  2.175e+05  2.705e+03  6.693e-16  8.215e+02  8.198e+04
      455.0  2.224e+07  2.100e+05  2.598e+03  6.567e-16  8.215e+02  8.055e+04
      456.0  2.180e+07  2.027e+05  2.496e+03  6.444e-16  8.215e+02  7.915e+04
      457.0  2.137e+07  1.958e+05  2.398e+03  6.323e-16  8.215e+02  7.778e+04
      458.0  2.095e+07  1.890e+05  2.304e+03  6.204e-16  8.215e+02  7.643e+04
      459.0  2.053e+07  1.825e+05  2.214e+03  6.088e-16  8.215e+02  7.510e+04
      460.0  2.013e+07  1.762e+05  2.127e+03  5.974e-16  8.215e+02  7.380e+04
      461.0  1.973e+07  1.702e+05  2.044e+03  5.862e-16  8.215e+02  7.252e+04
      462.0  1.934e+07  1.643e+05  1.964e+03  5.753e-16  8.215e+02  7.126e+04
      463.0  1.895e+07  1.587e+05  1.887e+03  5.646e-16  8.215e+02  7.003e+04
      464.0  1.858e+07  1.532e+05  1.813e+03  5.541e-16  8.215e+02  6.881e+04
      465.0  1.821e+07  1.480e+05  1.742e+03  5.438e-16  8.215e+02  6.762e+04
      466.0  1.785e+07  1.429e+05  1.674e+03  5.337e-16  8.215e+02  6.645e+04
      467.0  1.750e+07  1.380e+05  1.608e+03  5.238e-16  8.215e+02  6.530e+04
      468.0  1.715e+07  1.332e+05  1.545e+03  5.142e-16  8.215e+02  6.417e+04
      469.0  1.682e+07  1.287e+05  1.485e+03  5.047e-16  8.215e+02  6.306e+04
      470.0  1.648e+07  1.243e+05  1.427e+03  4.954e-16  8.215e+02  6.197e+04
      471.0  1.616e+07  1.200e+05  1.371e+03  4.862e-16  8.215e+02  6.090e+04
      472.0  1.584e+07  1.159e+05  1.317e+03  4.773e-16  8.215e+02  5.984e+04
      473.0  1.553e+07  1.119e+05  1.266e+03  4.686e-16  8.215e+02  5.881e+04
      474.0  1.522e+07  1.081e+05  1.216e+03  4.600e-16  8.215e+02  5.779e+04
      475.0  1.492e+07  1.044e+05  1.169e+03  4.516e-16  8.215e+02  5.680e+04
      476.0  1.463e+07  1.008e+05  1.123e+03  4.433e-16  8.215e+02  5.582e+04
      477.0  1.434e+07  9.736e+04  1.079e+03  4.352e-16  8.215e+02  5.485e+04
      478.0  1.406e+07  9.402e+04  1.037e+03  4.273e-16  8.215e+02  5.391e+04
      479.0  1.378e+07  9.081e+04  9.969e+02  4.196e-16  8.215e+02  5.298e+04
      480.0  1.351e+07  8.770e+04  9.581e+02  4.120e-16  8.215e+02  5.206e+04
      481.0  1.324e+07  8.470e+04  9.207e+02  4.045e-16  8.215e+02  5.116e+04
      482.0  1.298e+07  8.181e+04  8.848e+02  3.972e-16  8.215e+02  5.028e+04
      483.0  1.273e+07  7.901e+04  8.504e+02  3.900e-16  8.215e+02  4.942e+04
      484.0  1.248e+07  7.631e+04  8.173e+02  3.830e-16  8.215e+02  4.856e+04
      485.0  1.223e+07  7.371e+04  7.854e+02  3.761e-16  8.215e+02  4.773e+04
      486.0  1.199e+07  7.119e+04  7.549e+02  3.694e-16  8.215e+02  4.691e+04
      487.0  1.175e+07  6.876e+04  7.255e+02  3.627e-16  8.215e+02  4.610e+04
      488.0  1.152e+07  6.642e+04  6.973e+02  3.563e-16  8.215e+02  4.531e+04
      489.0  1.130e+07  6.415e+04  6.702e+02  3.499e-16  8.215e+02  4.453e+04
      490.0  1.108e+07  6.196e+04  6.441e+02  3.437e-16  8.215e+02  4.376e+04
      491.0  1.086e+07  5.985e+04  6.191e+02  3.375e-16  8.215e+02  4.301e+04
      492.0  1.064e+07  5.781e+04  5.950e+02  3.316e-16  8.215e+02  4.227e+04
      493.0  1.044e+07  5.584e+04  5.719e+02  3.257e-16  8.215e+02  4.154e+04
      494.0  1.023e+07  5.394e+04  5.497e+02  3.199e-16  8.215e+02  4.083e+04
      495.0  1.003e+07  5.210e+04  5.284e+02  3.143e-16  8.215e+02  4.013e+04
      496.0  9.834e+06  5.033e+04  5.079e+02  3.087e-16  8.215e+02  3.944e+04
      497.0  9.642e+06  4.862e+04  4.882e+02  3.033e-16  8.215e+02  3.876e+04
      498.0  9.453e+06  4.696e+04  4.692e+02  2.980e-16  8.215e+02  3.810e+04
      499.0  9.268e+06  4.537e+04  4.510e+02  2.928e-16  8.215e+02  3.744e+04
      500.0  9.086e+06  4.382e+04  4.335e+02  2.876e-16  8.215e+02  3.680e+04
      501.0  8.909e+06  4.233e+04  4.167e+02  2.826e-16  8.215e+02  3.617e+04
      502.0  8.734e+06  4.089e+04  4.006e+02  2.777e-16  8.215e+02  3.555e+04
      503.0  8.563e+06  3.951e+04  3.851e+02  2.729e-16  8.215e+02  3.494e+04
      504.0  8.396e+06  3.816e+04  3.702e+02  2.681e-16  8.215e+02  3.434e+04
      505.0  8.232e+06  3.687e+04  3.558e+02  2.635e-16  8.215e+02  3.375e+04
      506.0  8.071e+06  3.562e+04  3.421e+02  2.589e-16  8.215e+02  3.318e+04
      507.0  7.913e+06  3.441e+04  3.288e+02  2.545e-16  8.215e+02  3.261e+04
      508.0  7.759e+06  3.324e+04  3.161e+02  2.501e-16  8.215e+02  3.205e+04
      509.0  7.607e+06  3.211e+04  3.039e+02  2.458e-16  8.215e+02  3.150e+04
      510.0  7.459e+06  3.102e+04  2.921e+02  2.416e-16  8.215e+02  3.096e+04
      511.0  7.313e+06  2.997e+04  2.809e+02  2.375e-16  8.215e+02  3.043e+04
      512.0  7.171e+06  2.896e+04  2.700e+02  2.334e-16  8.215e+02  2.991e+04
      513.0  7.031e+06  2.798e+04  2.596e+02  2.295e-16  8.215e+02  2.940e+04
      514.0  6.894e+06  2.703e+04  2.496e+02  2.256e-16  8.215e+02  2.890e+04
      515.0  6.759e+06  2.611e+04  2.399e+02  2.217e-16  8.215e+02  2.841e+04
      516.0  6.628e+06  2.523e+04  2.307e+02  2.180e-16  8.215e+02  2.792e+04
      517.0  6.499e+06  2.438e+04  2.218e+02  2.143e-16  8.215e+02  2.745e+04
      518.0  6.372e+06  2.355e+04  2.132e+02  2.107e-16  8.215e+02  2.698e+04
      519.0  6.248e+06  2.275e+04  2.050e+02  2.072e-16  8.215e+02  2.652e+04
      520.0  6.126e+06  2.199e+04  1.971e+02  2.037e-16  8.215e+02  2.607e+04
      521.0  6.007e+06  2.124e+04  1.895e+02  2.003e-16  8.215e+02  2.562e+04
      522.0  5.890e+06  2.052e+04  1.822e+02  1.970e-16  8.215e+02  2.519e+04
      523.0  5.776e+06  1.983e+04  1.752e+02  1.937e-16  8.215e+02  2.476e+04
      524.0  5.664e+06  1.916e+04  1.684e+02  1.905e-16  8.215e+02  2.433e+04
      525.0  5.554e+06  1.851e+04  1.620e+02  1.873e-16  8.215e+02  2.392e+04
      526.0  5.446e+06  1.789e+04  1.557e+02  1.843e-16  8.215e+02  2.351e+04
      527.0  5.340e+06  1.729e+04  1.497e+02  1.812e-16  8.215e+02  2.311e+04
      528.0  5.236e+06  1.670e+04  1.440e+02  1.782e-16  8.215e+02  2.272e+04
      529.0  5.135e+06  1.614e+04  1.384e+02  1.753e-16  8.215e+02  2.233e+04
      530.0  5.035e+06  1.560e+04  1.331e+02  1.725e-16  8.215e+02  2.195e+04
      531.0  4.937e+06  1.507e+04  1.280e+02  1.697e-16  8.215e+02  2.158e+04
      532.0  4.842e+06  1.456e+04  1.231e+02  1.669e-16  8.215e+02  2.121e+04
      533.0  4.748e+06  1.407e+04  1.184e+02  1.642e-16  8.215e+02  2.085e+04
      534.0  4.656e+06  1.360e+04  1.138e+02  1.615e-16  8.215e+02  2.050e+04
      535.0  4.565e+06  1.314e+04  1.094e+02  1.589e-16  8.215e+02  2.015e+04
      536.0  4.477e+06  1.270e+04  1.052e+02  1.564e-16  8.215e+02  1.981e+04
      537.0  4.390e+06  1.227e+04  1.012e+02  1.539e-16  8.215e+02  1.947e+04
      538.0  4.305e+06  1.186e+04  9.733e+01  1.514e-16  8.215e+02  1.914e+04
      539.0  4.222e+06  1.146e+04  9.360e+01  1.490e-16  8.215e+02  1.882e+04
      540.0  4.140e+06  1.107e+04  9.001e+01  1.466e-16  8.215e+02  1.850e+04
      541.0  4.060e+06  1.070e+04  8.656e+01  1.443e-16  8.215e+02  1.819e+04
      542.0  3.982e+06  1.034e+04  8.325e+01  1.420e-16  8.215e+02  1.788e+04
      543.0  3.905e+06  9.995e+03  8.006e+01  1.398e-16  8.215e+02  1.758e+04
      544.0  3.829e+06  9.659e+03  7.699e+01  1.376e-16  8.215e+02  1.728e+04
      545.0  3.755e+06  9.335e+03  7.405e+01  1.354e-16  8.215e+02  1.699e+04
      546.0  3.683e+06  9.022e+03  7.121e+01  1.333e-16  8.215e+02  1.670e+04
      547.0  3.612e+06  8.719e+03  6.849e+01  1.312e-16  8.215e+02  1.642e+04
      548.0  3.542e+06  8.427e+03  6.587e+01  1.292e-16  8.215e+02  1.614e+04
      549.0  3.473e+06  8.144e+03  6.335e+01  1.272e-16  8.215e+02  1.586e+04
      550.0  3.406e+06  7.871e+03  6.093e+01  1.252e-16  8.215e+02  1.560e+04
      551.0  3.341e+06  7.607e+03  5.860e+01  1.233e-16  8.215e+02  1.533e+04
      552.0  3.276e+06  7.353e+03  5.637e+01  1.214e-16  8.215e+02  1.507e+04
      553.0  3.213e+06  7.106e+03  5.421e+01  1.196e-16  8.215e+02  1.482e+04
      554.0  3.151e+06  6.868e+03  5.214e+01  1.177e-16  8.215e+02  1.457e+04
      555.0  3.091e+06  6.638e+03  5.015e+01  1.160e-16  8.215e+02  1.432e+04
      556.0  3.031e+06  6.416e+03  4.824e+01  1.142e-16  8.215e+02  1.408e+04
      557.0  2.973e+06  6.202e+03  4.640e+01  1.125e-16  8.215e+02  1.384e+04
      558.0  2.915e+06  5.994e+03  4.463e+01  1.108e-16  8.215e+02  1.361e+04
      559.0  2.859e+06  5.794e+03  4.293e+01  1.091e-16  8.215e+02  1.338e+04
      560.0  2.804e+06  5.600e+03  4.129e+01  1.075e-16  8.215e+02  1.316e+04
      561.0  2.750e+06  5.413e+03  3.972e+01  1.059e-16  8.215e+02  1.293e+04
      562.0  2.697e+06  5.232e+03  3.821e+01  1.043e-16  8.215e+02  1.272e+04
      563.0  2.646e+06  5.057e+03  3.675e+01  1.028e-16  8.215e+02  1.250e+04
      564.0  2.595e+06  4.889e+03  3.535e+01  1.013e-16  8.215e+02  1.229e+04
      565.0  2.545e+06  4.725e+03  3.401e+01  9.976e-17  8.215e+02  1.208e+04
      566.0  2.496e+06  4.568e+03  3.272e+01  9.830e-17  8.215e+02  1.188e+04
      567.0  2.448e+06  4.415e+03  3.147e+01  9.686e-17  8.215e+02  1.168e+04
      568.0  2.401e+06  4.268e+03  3.027e+01  9.545e-17  8.215e+02  1.148e+04
      569.0  2.355e+06  4.126e+03  2.912e+01  9.407e-17  8.215e+02  1.129e+04
      570.0  2.310e+06  3.988e+03  2.802e+01  9.271e-17  8.215e+02  1.110e+04
      571.0  2.266e+06  3.855e+03  2.695e+01  9.138e-17  8.215e+02  1.092e+04
      572.0  2.222e+06  3.727e+03  2.593e+01  9.006e-17  8.215e+02  1.073e+04
      573.0  2.180e+06  3.603e+03  2.494e+01  8.878e-17  8.215e+02  1.055e+04
      574.0  2.138e+06  3.483e+03  2.400e+01  8.751e-17  8.215e+02  1.037e+04
      575.0  2.097e+06  3.367e+03  2.309e+01  8.627e-17  8.215e+02  1.020e+04
      576.0  2.057e+06  3.255e+03  2.221e+01  8.505e-17  8.215e+02  1.003e+04
      577.0  2.017e+06  3.147e+03  2.137e+01  8.385e-17  8.215e+02  9.861e+03
      578.0  1.979e+06  3.042e+03  2.056e+01  8.268e-17  8.215e+02  9.696e+03
      579.0  1.941e+06  2.941e+03  1.978e+01  8.152e-17  8.215e+02  9.533e+03
      580.0  1.904e+06  2.843e+03  1.903e+01  8.038e-17  8.215e+02  9.374e+03
      581.0  1.867e+06  2.749e+03  1.831e+01  7.927e-17  8.215e+02  9.217e+03
      582.0  1.832e+06  2.657e+03  1.762e+01  7.817e-17  8.215e+02  9.062e+03
      583.0  1.797e+06  2.569e+03  1.695e+01  7.710e-17  8.215e+02  8.910e+03
      584.0  1.762e+06  2.484e+03  1.631e+01  7.604e-17  8.215e+02  8.761e+03
      585.0  1.729e+06  2.401e+03  1.569e+01  7.500e-17  8.215e+02  8.615e+03
      586.0  1.696e+06  2.322e+03  1.510e+01  7.398e-17  8.215e+02  8.471e+03
      587.0  1.663e+06  2.245e+03  1.453e+01  7.297e-17  8.215e+02  8.329e+03
      588.0  1.631e+06  2.170e+03  1.398e+01  7.199e-17  8.215e+02  8.190e+03
      589.0  1.600e+06  2.098e+03  1.345e+01  7.102e-17  8.215e+02  8.053e+03
      590.0  1.570e+06  2.029e+03  1.294e+01  7.007e-17  8.215e+02  7.918e+03
      591.0  1.540e+06  1.962e+03  1.245e+01  6.913e-17  8.215e+02  7.786e+03
      592.0  1.510e+06  1.897e+03  1.198e+01  6.822e-17  8.215e+02  7.656e+03
      593.0  1.482e+06  1.834e+03  1.153e+01  6.731e-17  8.215e+02  7.528e+03
      594.0  1.453e+06  1.773e+03  1.109e+01  6.643e-17  8.215e+02  7.402e+03
      595.0  1.426e+06  1.714e+03  1.067e+01  6.555e-17  8.215e+02  7.279e+03
      596.0  1.399e+06  1.658e+03  1.027e+01  6.470e-17  8.215e+02  7.157e+03
      597.0  1.372e+06  1.603e+03  9.885e+00  6.385e-17  8.215e+02  7.038e+03
      598.0  1.346e+06  1.550e+03  9.512e+00  6.303e-17  8.215e+02  6.921e+03
      599.0  1.320e+06  1.499e+03  9.154e+00  6.221e-17  8.215e+02  6.805e+03
      600.0  1.295e+06  1.449e+03  8.809e+00  6.141e-17  8.215e+02  6.692e+03
      601.0  1.271e+06  1.401e+03  8.477e+00  6.063e-17  8.215e+02  6.580e+03
      602.0  1.246e+06  1.355e+03  8.158e+00  5.986e-17  8.215e+02  6.471e+03
      603.0  1.223e+06  1.310e+03  7.850e+00  5.910e-17  8.215e+02  6.363e+03
      604.0  1.199e+06  1.267e+03  7.555e+00  5.835e-17  8.215e+02  6.257e+03
      605.0  1.177e+06  1.225e+03  7.271e+00  5.762e-17  8.215e+02  6.153e+03
      606.0  1.154e+06  1.185e+03  6.997e+00  5.689e-17  8.215e+02  6.051e+03
      607.0  1.132e+06  1.146e+03  6.734e+00  5.618e-17  8.215e+02  5.950e+03
      608.0  1.111e+06  1.108e+03  6.481e+00  5.549e-17  8.215e+02  5.851e+03
      609.0  1.090e+06  1.071e+03  6.237e+00  5.480e-17  8.215e+02  5.754e+03
      610.0  1.069e+06  1.036e+03  6.003e+00  5.413e-17  8.215e+02  5.658e+03
      611.0  1.049e+06  1.002e+03  5.777e+00  5.346e-17  8.215e+02  5.564e+03
      612.0  1.029e+06  9.689e+02  5.561e+00  5.281e-17  8.215e+02  5.472e+03
      613.0  1.010e+06  9.370e+02  5.352e+00  5.217e-17  8.215e+02  5.381e+03
      614.0  9.904e+05  9.061e+02  5.151e+00  5.154e-17  8.215e+02  5.292e+03
      615.0  9.717e+05  8.763e+02  4.958e+00  5.092e-17  8.215e+02  5.204e+03
      616.0  9.533e+05  8.475e+02  4.772e+00  5.031e-17  8.215e+02  5.118e+03
      617.0  9.352e+05  8.196e+02  4.593e+00  4.971e-17  8.215e+02  5.033e+03
      618.0  9.175e+05  7.927e+02  4.421e+00  4.912e-17  8.215e+02  4.949e+03
      619.0  9.002e+05  7.666e+02  4.255e+00  4.854e-17  8.215e+02  4.867e+03
      620.0  8.831e+05  7.414e+02  4.095e+00  4.797e-17  8.215e+02  4.787e+03
      621.0  8.664e+05  7.171e+02  3.942e+00  4.741e-17  8.215e+02  4.707e+03
      622.0  8.501e+05  6.935e+02  3.794e+00  4.686e-17  8.215e+02  4.629e+03
      623.0  8.340e+05  6.707e+02  3.652e+00  4.631e-17  8.215e+02  4.553e+03
      624.0  8.182e+05  6.487e+02  3.516e+00  4.578e-17  8.215e+02  4.477e+03
      625.0  8.028e+05  6.274e+02  3.384e+00  4.525e-17  8.215e+02  4.403e+03
      626.0  7.876e+05  6.068e+02  3.258e+00  4.474e-17  8.215e+02  4.331e+03
      627.0  7.728e+05  5.869e+02  3.136e+00  4.423e-17  8.215e+02  4.259e+03
      628.0  7.582e+05  5.677e+02  3.018e+00  4.373e-17  8.215e+02  4.189e+03
      629.0  7.439e+05  5.491e+02  2.906e+00  4.323e-17  8.215e+02  4.119e+03
      630.0  7.298e+05  5.311e+02  2.797e+00  4.275e-17  8.215e+02  4.051e+03
      631.0  7.161e+05  5.137e+02  2.693e+00  4.227e-17  8.215e+02  3.984e+03
      632.0  7.026e+05  4.969e+02  2.592e+00  4.180e-17  8.215e+02  3.919e+03
      633.0  6.893e+05  4.806e+02  2.495e+00  4.134e-17  8.215e+02  3.854e+03
      634.0  6.764e+05  4.649e+02  2.402e+00  4.088e-17  8.215e+02  3.790e+03
      635.0  6.636e+05  4.497e+02  2.313e+00  4.044e-17  8.215e+02  3.728e+03
      636.0  6.511e+05  4.349e+02  2.226e+00  4.000e-17  8.215e+02  3.666e+03
      637.0  6.389e+05  4.207e+02  2.143e+00  3.956e-17  8.215e+02  3.606e+03
      638.0  6.269e+05  4.070e+02  2.063e+00  3.914e-17  8.215e+02  3.546e+03
      639.0  6.151e+05  3.937e+02  1.986e+00  3.872e-17  8.215e+02  3.488e+03
      640.0  6.035e+05  3.808e+02  1.912e+00  3.830e-17  8.215e+02  3.430e+03
      641.0  5.921e+05  3.684e+02  1.841e+00  3.789e-17  8.215e+02  3.374e+03
      642.0  5.810e+05  3.563e+02  1.773e+00  3.749e-17  8.215e+02  3.318e+03
      643.0  5.701e+05  3.447e+02  1.707e+00  3.710e-17  8.215e+02  3.264e+03
      644.0  5.594e+05  3.334e+02  1.643e+00  3.671e-17  8.215e+02  3.210e+03
      645.0  5.489e+05  3.226e+02  1.582e+00  3.633e-17  8.215e+02  3.157e+03
      646.0  5.386e+05  3.120e+02  1.523e+00  3.595e-17  8.215e+02  3.105e+03
      647.0  5.285e+05  3.019e+02  1.467e+00  3.558e-17  8.215e+02  3.054e+03
      648.0  5.186e+05  2.920e+02  1.412e+00  3.521e-17  8.215e+02  3.004e+03
      649.0  5.088e+05  2.825e+02  1.360e+00  3.485e-17  8.215e+02  2.955e+03
      650.0  4.993e+05  2.733e+02  1.309e+00  3.450e-17  8.215e+02  2.906e+03
      651.0  4.899e+05  2.644e+02  1.260e+00  3.415e-17  8.215e+02  2.858e+03
      652.0  4.807e+05  2.558e+02  1.214e+00  3.381e-17  8.215e+02  2.812e+03
      653.0  4.717e+05  2.474e+02  1.169e+00  3.347e-17  8.215e+02  2.765e+03
      654.0  4.629e+05  2.394e+02  1.125e+00  3.314e-17  8.215e+02  2.720e+03
      655.0  4.542e+05  2.316e+02  1.083e+00  3.281e-17  8.215e+02  2.675e+03
      656.0  4.457e+05  2.241e+02  1.043e+00  3.248e-17  8.215e+02  2.631e+03
      657.0  4.374e+05  2.168e+02  1.005e+00  3.216e-17  8.215e+02  2.588e+03
      658.0  4.292e+05  2.097e+02  9.673e-01  3.185e-17  8.215e+02  2.546e+03
      659.0  4.212e+05  2.029e+02  9.315e-01  3.154e-17  8.215e+02  2.504e+03
      660.0  4.133e+05  1.963e+02  8.969e-01  3.124e-17  8.215e+02  2.463e+03
      661.0  4.056e+05  1.899e+02  8.637e-01  3.094e-17  8.215e+02  2.423e+03
      662.0  3.980e+05  1.838e+02  8.317e-01  3.064e-17  8.215e+02  2.383e+03
      663.0  3.906e+05  1.778e+02  8.009e-01  3.035e-17  8.215e+02  2.344e+03
      664.0  3.833e+05  1.720e+02  7.713e-01  3.006e-17  8.215e+02  2.306e+03
      665.0  3.761e+05  1.665e+02  7.428e-01  2.978e-17  8.215e+02  2.268e+03
      666.0  3.691e+05  1.611e+02  7.153e-01  2.950e-17  8.215e+02  2.231e+03
      667.0  3.622e+05  1.558e+02  6.888e-01  2.922e-17  8.215e+02  2.194e+03
      668.0  3.554e+05  1.508e+02  6.634e-01  2.895e-17  8.215e+02  2.159e+03
      669.0  3.488e+05  1.459e+02  6.389e-01  2.868e-17  8.215e+02  2.123e+03
      670.0  3.423e+05  1.412e+02  6.153e-01  2.842e-17  8.215e+02  2.089e+03
      671.0  3.359e+05  1.366e+02  5.925e-01  2.816e-17  8.215e+02  2.055e+03
      672.0  3.297e+05  1.322e+02  5.706e-01  2.790e-17  8.215e+02  2.021e+03
      673.0  3.235e+05  1.279e+02  5.496e-01  2.765e-17  8.215e+02  1.988e+03
      674.0  3.175e+05  1.237e+02  5.293e-01  2.740e-17  8.215e+02  1.956e+03
      675.0  3.116e+05  1.197e+02  5.098e-01  2.715e-17  8.215e+02  1.924e+03
      676.0  3.058e+05  1.159e+02  4.910e-01  2.691e-17  8.215e+02  1.892e+03
      677.0  3.001e+05  1.121e+02  4.729e-01  2.667e-17  8.215e+02  1.861e+03
      678.0  2.945e+05  1.085e+02  4.554e-01  2.644e-17  8.215e+02  1.831e+03
      679.0  2.890e+05  1.050e+02  4.386e-01  2.621e-17  8.215e+02  1.801e+03
      680.0  2.836e+05  1.016e+02  4.225e-01  2.598e-17  8.215e+02  1.772e+03
      681.0  2.784e+05  9.832e+01  4.069e-01  2.575e-17  8.215e+02  1.743e+03
      682.0  2.732e+05  9.514e+01  3.919e-01  2.553e-17  8.215e+02  1.715e+03
      683.0  2.681e+05  9.207e+01  3.775e-01  2.531e-17  8.215e+02  1.687e+03
      684.0  2.631e+05  8.910e+01  3.636e-01  2.509e-17  8.215e+02  1.659e+03
      685.0  2.583e+05  8.622e+01  3.502e-01  2.488e-17  8.215e+02  1.632e+03
      686.0  2.535e+05  8.344e+01  3.374e-01  2.466e-17  8.215e+02  1.606e+03
      687.0  2.488e+05  8.075e+01  3.249e-01  2.446e-17  8.215e+02  1.580e+03
      688.0  2.441e+05  7.814e+01  3.130e-01  2.425e-17  8.215e+02  1.554e+03
      689.0  2.396e+05  7.563e+01  3.015e-01  2.405e-17  8.215e+02  1.529e+03
      690.0  2.352e+05  7.319e+01  2.904e-01  2.385e-17  8.215e+02  1.504e+03
      691.0  2.308e+05  7.083e+01  2.798e-01  2.365e-17  8.215e+02  1.480e+03
      692.0  2.265e+05  6.855e+01  2.695e-01  2.346e-17  8.215e+02  1.455e+03
      693.0  2.223e+05  6.634e+01  2.596e-01  2.326e-17  8.215e+02  1.432e+03
      694.0  2.182e+05  6.421e+01  2.501e-01  2.307e-17  8.215e+02  1.409e+03
      695.0  2.142e+05  6.214e+01  2.409e-01  2.289e-17  8.215e+02  1.386e+03
      696.0  2.102e+05  6.014e+01  2.320e-01  2.270e-17  8.215e+02  1.363e+03
      697.0  2.063e+05  5.821e+01  2.235e-01  2.252e-17  8.215e+02  1.341e+03
      698.0  2.025e+05  5.634e+01  2.153e-01  2.234e-17  8.215e+02  1.319e+03
      699.0  1.988e+05  5.453e+01  2.074e-01  2.216e-17  8.215e+02  1.298e+03
      700.0  1.951e+05  5.277e+01  1.998e-01  2.198e-17  8.215e+02  1.277e+03
