Generated by database/atmosphere/generate_atmosphere_table.py (pymsis)

Model: NRLMSISE-00
Date and time (UTC): 1965-05-22T22:21:57+00:00
Longitude [deg. East]: 1 point(s), -16.9 to -16.9
Latitude [deg. North]: 1 point(s), -7.4 to -7.4
F10.7 = 75.0, F10.7A = 75.0, Ap = 4.0
The species below the lower bound of the model are written as zero.

   Selected parameters are:
1 Height, km
2 O, cm-3
3 N2, cm-3
4 O2, cm-3
5 Mass_density, g/cm-3
6 Temperature_neutral, K
7 N, cm-3

          1          2          3          4          5          6          7
        0.0  0.000e+00  1.892e+19  5.076e+18  1.164e-03  2.992e+02  0.000e+00
        1.0  0.000e+00  1.725e+19  4.627e+18  1.061e-03  2.925e+02  0.000e+00
        2.0  0.000e+00  1.563e+19  4.194e+18  9.619e-04  2.869e+02  0.000e+00
        3.0  0.000e+00  1.412e+19  3.787e+18  8.685e-04  2.819e+02  0.000e+00
        4.0  0.000e+00  1.271e+19  3.411e+18  7.823e-04  2.771e+02  0.000e+00
        5.0  0.000e+00  1.144e+19  3.068e+18  7.036e-04  2.723e+02  0.000e+00
        6.0  0.000e+00  1.028e+19  2.758e+18  6.326e-04  2.669e+02  0.000e+00
        7.0  0.000e+00  9.246e+18  2.480e+18  5.688e-04  2.610e+02  0.000e+00
        8.0  0.000e+00  8.320e+18  2.232e+18  5.119e-04  2.542e+02  0.000e+00
        9.0  0.000e+00  7.492e+18  2.010e+18  4.609e-04  2.465e+02  0.000e+00
       10.0  0.000e+00  6.751e+18  1.811e+18  4.153e-04  2.378e+02  0.000e+00
       11.0  0.000e+00  6.078e+18  1.631e+18  3.739e-04  2.283e+02  0.000e+00
       12.0  0.000e+00  5.443e+18  1.460e+18  3.349e-04  2.190e+02  0.000e+00
       13.0  0.000e+00  4.827e+18  1.295e+18  2.970e-04  2.109e+02  0.000e+00
       14.0  0.000e+00  4.227e+18  1.134e+18  2.601e-04  2.045e+02  0.000e+00
       15.0  0.000e+00  3.648e+18  9.786e+17  2.244e-04  2.004e+02  0.000e+00
       16.0  0.000e+00  3.102e+18  8.321e+17  1.908e-04  1.989e+02  0.000e+00
       17.0  0.000e+00  2.610e+18  7.001e+17  1.605e-04  1.994e+02  0.000e+00
       18.0  0.000e+00  2.182e+18  5.853e+17  1.342e-04  2.013e+02  0.000e+00
       19.0  0.000e+00  1.819e+18  4.881e+17  1.119e-04  2.043e+02  0.000e+00
       20.0  0.000e+00  1.519e+18  4.075e+17  9.345e-05  2.076e+02  0.000e+00
       21.0  0.000e+00  1.272e+18  3.413e+17  7.828e-05  2.109e+02  0.000e+00
       22.0  0.000e+00  1.070e+18  2.870e+17  6.582e-05  2.139e+02  0.000e+00
       23.0  0.000e+00  9.024e+17  2.421e+17  5.552e-05  2.167e+02  0.000e+00
       24.0  0.000e+00  7.635e+17  2.048e+17  4.697e-05  2.193e+02  0.000e+00
       25.0  0.000e+00  6.477e+17  1.737e+17  3.985e-05  2.218e+02  0.000e+00
       26.0  0.000e+00  5.507e+17  1.477e+17  3.388e-05  2.242e+02  0.000e+00
       27.0  0.000e+00  4.693e+17  1.259e+17  2.887e-05  2.264e+02  0.000e+00
       28.0  0.000e+00  4.006e+17  1.075e+17  2.465e-05  2.287e+02  0.000e+00
       29.0  0.000e+00  3.425e+17  9.189e+16  2.107e-05  2.309e+02  0.000e+00
       30.0  0.000e+00  2.933e+17  7.868e+16  1.804e-05  2.332e+02  0.000e+00
       31.0  0.000e+00  2.514e+17  6.745e+16  1.547e-05  2.355e+02  0.000e+00
       32.0  0.000e+00  2.158e+17  5.788e+16  1.327e-05  2.380e+02  0.000e+00
       33.0  0.000e+00  1.853e+17  4.972e+16  1.140e-05  2.407e+02  0.000e+00
       34.0  0.000e+00  1.595e+17  4.279e+16  9.813e-06  2.433e+02  0.000e+00
       35.0  0.000e+00  1.375e+17  3.689e+16  8.460e-06  2.460e+02  0.000e+00
       36.0  0.000e+00  1.188e+17  3.186e+16  7.307e-06  2.485e+02  0.000e+00
       37.0  0.000e+00  1.028e+17  2.757e+16  6.323e-06  2.509e+02  0.000e+00
       38.0  0.000e+00  8.909e+16  2.390e+16  5.481e-06  2.533e+02  0.000e+00
       39.0  0.000e+00  7.737e+16  2.076e+16  4.760e-06  2.555e+02  0.000e+00
       40.0  0.000e+00  6.731e+16  1.806e+16  4.141e-06  2.576e+02  0.000e+00
       41.0  0.000e+00  5.866e+16  1.574e+16  3.609e-06  2.596e+02  0.000e+00
       42.0  0.000e+00  5.121e+16  1.374e+16  3.151e-06  2.613e+02  0.000e+00
       43.0  0.000e+00  4.478e+16  1.201e+16  2.755e-06  2.629e+02  0.000e+00
       44.0  0.000e+00  3.922e+16  1.052e+16  2.413e-06  2.643e+02  0.000e+00
       45.0  0.000e+00  3.440e+16  9.228e+15  2.116e-06  2.654e+02  0.000e+00
       46.0  0.000e+00  3.021e+16  8.106e+15  1.859e-06  2.663e+02  0.000e+00
       47.0  0.000e+00  2.658e+16  7.130e+15  1.635e-06  2.669e+02  0.000e+00
       48.0  0.000e+00  2.341e+16  6.281e+15  1.441e-06  2.673e+02  0.000e+00
       49.0  0.000e+00  2.065e+16  5.541e+15  1.271e-06  2.673e+02  0.000e+00
       50.0  0.000e+00  1.824e+16  4.893e+15  1.122e-06  2.669e+02  0.000e+00
       51.0  0.000e+00  1.613e+16  4.327e+15  9.923e-07  2.662e+02  0.000e+00
       52.0  0.000e+00  1.428e+16  3.830e+15  8.783e-07  2.651e+02  0.000e+00
       53.0  0.000e+00  1.265e+16  3.393e+15  7.782e-07  2.636e+02  0.000e+00
       54.0  0.000e+00  1.122e+16  3.009e+15  6.900e-07  2.617e+02  0.000e+00
       55.0  0.000e+00  9.951e+15  2.669e+15  6.122e-07  2.594e+02  0.000e+00
       56.0  0.000e+00  8.832e+15  2.369e+15  5.434e-07  2.567e+02  0.000e+00
       57.0  0.000e+00  7.839e+15  2.103e+15  4.823e-07  2.537e+02  0.000e+00
       58.0  0.000e+00  6.954e+15  1.866e+15  4.279e-07  2.504e+02  0.000e+00
       59.0  0.000e+00  6.164e+15  1.654e+15  3.792e-07  2.470e+02  0.000e+00
       60.0  0.000e+00  5.457e+15  1.464e+15  3.357e-07  2.434e+02  0.000e+00
       61.0  0.000e+00  4.823e+15  1.294e+15  2.967e-07  2.398e+02  0.000e+00
       62.0  0.000e+00  4.255e+15  1.142e+15  2.618e-07  2.362e+02  0.000e+00
       63.0  0.000e+00  3.746e+15  1.005e+15  2.305e-07  2.327e+02  0.000e+00
       64.0  0.000e+00  3.290e+15  8.820e+14  2.024e-07  2.293e+02  0.000e+00
       65.0  0.000e+00  2.883e+15  7.724e+14  1.773e-07  2.260e+02  0.000e+00
       66.0  0.000e+00  2.519e+15  6.747e+14  1.549e-07  2.229e+02  0.000e+00
       67.0  0.000e+00  2.196e+15  5.877e+14  1.350e-07  2.201e+02  0.000e+00
       68.0  0.000e+00  1.908e+15  5.105e+14  1.173e-07  2.174e+02  0.000e+00
       69.0  0.000e+00  1.654e+15  4.422e+14  1.017e-07  2.150e+02  0.000e+00
       70.0  0.000e+00  1.430e+15  3.820e+14  8.787e-08  2.129e+02  0.000e+00
       71.0  0.000e+00  1.232e+15  3.291e+14  7.573e-08  2.110e+02  0.000e+00
       72.0  0.000e+00  1.059e+15  2.828e+14  6.510e-08  2.095e+02  0.000e+00
       73.0  6.724e+06  9.132e+14  2.437e+14  5.611e-08  2.084e+02  3.976e+04
       74.0  1.726e+07  7.816e+14  2.084e+14  4.802e-08  2.075e+02  4.277e+04
       75.0  4.336e+07  6.680e+14  1.779e+14  4.103e-08  2.067e+02  4.600e+04
       76.0  1.058e+08  5.701e+14  1.517e+14  3.501e-08  2.062e+02  4.946e+04
       77.0  2.490e+08  4.860e+14  1.292e+14  2.984e-08  2.059e+02  5.320e+04
       78.0  5.626e+08  4.140e+14  1.099e+14  2.541e-08  2.057e+02  5.722e+04
       79.0  1.214e+09  3.524e+14  9.340e+13  2.162e-08  2.056e+02  6.157e+04
       80.0  2.495e+09  2.997e+14  7.933e+13  1.838e-08  2.057e+02  6.627e+04
       81.0  4.869e+09  2.549e+14  6.734e+13  1.563e-08  2.058e+02  7.136e+04
       82.0  9.014e+09  2.167e+14  5.714e+13  1.328e-08  2.061e+02  7.689e+04
       83.0  1.583e+10  1.843e+14  4.846e+13  1.128e-08  2.065e+02  8.289e+04
       84.0  2.636e+10  1.567e+14  4.110e+13  9.588e-09  2.069e+02  8.942e+04
       85.0  4.169e+10  1.332e+14  3.485e+13  8.149e-09  2.074e+02  9.653e+04
       86.0  6.273e+10  1.133e+14  2.955e+13  6.927e-09  2.079e+02  1.043e+05
       87.0  9.002e+10  9.646e+13  2.505e+13  5.891e-09  2.084e+02  1.127e+05
       88.0  1.235e+11  8.213e+13  2.124e+13  5.012e-09  2.089e+02  1.220e+05
       89.0  1.624e+11  6.997e+13  1.801e+13  4.267e-09  2.095e+02  1.321e+05
       90.0  2.054e+11  5.965e+13  1.528e+13  3.635e-09  2.100e+02  1.432e+05
       91.0  2.505e+11  5.089e+13  1.296e+13  3.099e-09  2.104e+02  1.554e+05
       92.0  2.955e+11  4.346e+13  1.099e+13  2.644e-09  2.108e+02  1.688e+05
       93.0  3.384e+11  3.715e+13  9.328e+12  2.259e-09  2.110e+02  1.836e+05
       94.0  3.772e+11  3.180e+13  7.920e+12  1.932e-09  2.111e+02  2.000e+05
       95.0  4.103e+11  2.725e+13  6.728e+12  1.655e-09  2.109e+02  2.183e+05
       96.0  4.369e+11  2.339e+13  5.718e+12  1.419e-09  2.103e+02  2.386e+05
       97.0  4.565e+11  2.010e+13  4.861e+12  1.219e-09  2.094e+02  2.612e+05
       98.0  4.690e+11  1.730e+13  4.133e+12  1.048e-09  2.082e+02  2.866e+05
       99.0  4.749e+11  1.490e+13  3.515e+12  9.024e-10  2.065e+02  3.151e+05
      100.0  4.747e+11  1.286e+13  2.988e+12  7.776e-10  2.043e+02  3.470e+05
      101.0  4.692e+11  1.110e+13  2.538e+12  6.705e-10  2.017e+02  3.829e+05
      102.0  4.587e+11  9.572e+12  2.152e+12  5.776e-10  1.989e+02  4.227e+05
      103.0  4.439e+11  8.242e+12  1.818e+12  4.967e-10  1.960e+02  4.664e+05
      104.0  4.253e+11  7.076e+12  1.529e+12  4.257e-10  1.934e+02  5.140e+05
      105.0  4.035e+11  6.052e+12  1.279e+12  3.636e-10  1.912e+02  5.653e+05
      106.0  3.794e+11  5.154e+12  1.063e+12  3.091e-10  1.895e+02  6.201e+05
      107.0  3.537e+11  4.369e+12  8.784e+11  2.616e-10  1.886e+02  6.780e+05
      108.0  3.270e+11  3.686e+12  7.211e+11  2.203e-10  1.885e+02  7.385e+05
      109.0  2.999e+11  3.093e+12  5.880e+11  1.846e-10  1.895e+02  8.009e+05
      110.0  2.729e+11  2.583e+12  4.765e+11  1.539e-10  1.919e+02  8.643e+05
      111.0  2.464e+11  2.146e+12  3.838e+11  1.277e-10  1.957e+02  9.275e+05
      112.0  2.211e+11  1.777e+12  3.079e+11  1.056e-10  2.012e+02  9.905e+05
      113.0  1.974e+11  1.469e+12  2.464e+11  8.723e-11  2.082e+02  1.054e+06
      114.0  1.757e+11  1.214e+12  1.972e+11  7.204e-11  2.168e+02  1.117e+06
      115.0  1.559e+11  1.004e+12  1.579e+11  5.958e-11  2.269e+02  1.180e+06
      116.0  1.381e+11  8.323e+11  1.267e+11  4.938e-11  2.387e+02  1.245e+06
      117.0  1.223e+11  6.921e+11  1.020e+11  4.108e-11  2.521e+02  1.311e+06
      118.0  1.083e+11  5.780e+11  8.257e+10  3.432e-11  2.670e+02  1.379e+06
      119.0  9.616e+10  4.854e+11  6.724e+10  2.884e-11  2.832e+02  1.451e+06
      120.0  8.565e+10  4.105e+11  5.516e+10  2.441e-11  3.003e+02  1.529e+06
      121.0  7.669e+10  3.501e+11  4.568e+10  2.084e-11  3.176e+02  1.617e+06
      122.0  6.919e+10  3.018e+11  3.826e+10  1.798e-11  3.343e+02  1.719e+06
      123.0  6.305e+10  2.635e+11  3.247e+10  1.572e-11  3.490e+02  1.841e+06
      124.0  5.827e+10  2.336e+11  2.801e+10  1.396e-11  3.598e+02  1.995e+06
      125.0  5.396e+10  2.080e+11  2.427e+10  1.244e-11  3.705e+02  2.160e+06
      126.0  5.010e+10  1.859e+11  2.114e+10  1.114e-11  3.809e+02  2.340e+06
      127.0  4.662e+10  1.668e+11  1.849e+10  1.001e-11  3.911e+02  2.534e+06
      128.0  4.349e+10  1.502e+11  1.624e+10  9.035e-12  4.009e+02  2.743e+06
      129.0  4.065e+10  1.357e+11  1.432e+10  8.179e-12  4.105e+02  2.967e+06
      130.0  3.807e+10  1.230e+11  1.268e+10  7.427e-12  4.197e+02  3.206e+06
      131.0  3.572e+10  1.117e+11  1.127e+10  6.764e-12  4.287e+02  3.461e+06
      132.0  3.357e+10  1.018e+11  1.004e+10  6.177e-12  4.375e+02  3.731e+06
      133.0  3.160e+10  9.294e+10  8.983e+09  5.655e-12  4.460e+02  4.018e+06
      134.0  2.979e+10  8.506e+10  8.060e+09  5.190e-12  4.542e+02  4.320e+06
      135.0  2.813e+10  7.802e+10  7.252e+09  4.774e-12  4.622e+02  4.638e+06
      136.0  2.659e+10  7.170e+10  6.544e+09  4.400e-12  4.700e+02  4.972e+06
      137.0  2.517e+10  6.602e+10  5.921e+09  4.064e-12  4.775e+02  5.320e+06
      138.0  2.386e+10  6.089e+10  5.371e+09  3.760e-12  4.849e+02  5.684e+06
      139.0  2.264e+10  5.625e+10  4.884e+09  3.485e-12  4.920e+02  6.062e+06
      140.0  2.150e+10  5.205e+10  4.451e+09  3.236e-12  4.989e+02  6.453e+06
      141.0  2.045e+10  4.823e+10  4.066e+09  3.009e-12  5.056e+02  6.857e+06
      142.0  1.946e+10  4.476e+10  3.722e+09  2.802e-12  5.121e+02  7.272e+06
      143.0  1.854e+10  4.159e+10  3.413e+09  2.613e-12  5.185e+02  7.699e+06
      144.0  1.768e+10  3.869e+10  3.137e+09  2.441e-12  5.246e+02  8.135e+06
      145.0  1.688e+10  3.604e+10  2.888e+09  2.282e-12  5.306e+02  8.580e+06
      146.0  1.612e+10  3.361e+10  2.663e+09  2.137e-12  5.364e+02  9.032e+06
      147.0  1.541e+10  3.137e+10  2.459e+09  2.003e-12  5.420e+02  9.490e+06
      148.0  1.475e+10  2.931e+10  2.275e+09  1.879e-12  5.475e+02  9.953e+06
      149.0  1.412e+10  2.742e+10  2.108e+09  1.765e-12  5.528e+02  1.042e+07
      150.0  1.353e+10  2.567e+10  1.955e+09  1.660e-12  5.580e+02  1.089e+07
      151.0  1.297e+10  2.405e+10  1.816e+09  1.562e-12  5.630e+02  1.135e+07
      152.0  1.244e+10  2.256e+10  1.689e+09  1.472e-12  5.679e+02  1.182e+07
      153.0  1.195e+10  2.117e+10  1.573e+09  1.388e-12  5.726e+02  1.228e+07
      154.0  1.147e+10  1.989e+10  1.466e+09  1.310e-12  5.772e+02  1.274e+07
      155.0  1.103e+10  1.869e+10  1.368e+09  1.237e-12  5.817e+02  1.319e+07
      156.0  1.061e+10  1.758e+10  1.278e+09  1.169e-12  5.860e+02  1.364e+07
      157.0  1.020e+10  1.655e+10  1.195e+09  1.106e-12  5.902e+02  1.407e+07
      158.0  9.824e+09  1.559e+10  1.118e+09  1.047e-12  5.943e+02  1.450e+07
      159.0  9.462e+09  1.469e+10  1.047e+09  9.918e-13  5.983e+02  1.491e+07
      160.0  9.117e+09  1.386e+10  9.812e+08  9.401e-13  6.021e+02  1.531e+07
      161.0  8.790e+09  1.307e+10  9.204e+08  8.917e-13  6.059e+02  1.570e+07
      162.0  8.477e+09  1.234e+10  8.639e+08  8.463e-13  6.095e+02  1.607e+07
      163.0  8.179e+09  1.166e+10  8.115e+08  8.037e-13  6.130e+02  1.642e+07
      164.0  7.895e+09  1.102e+10  7.627e+08  7.638e-13  6.165e+02  1.676e+07
      165.0  7.624e+09  1.042e+10  7.173e+08  7.262e-13  6.198e+02  1.708e+07
      166.0  7.365e+09  9.854e+09  6.749e+08  6.908e-13  6.231e+02  1.739e+07
      167.0  7.117e+09  9.326e+09  6.355e+08  6.575e-13  6.262e+02  1.767e+07
      168.0  6.880e+09  8.829e+09  5.986e+08  6.261e-13  6.293e+02  1.793e+07
      169.0  6.653e+09  8.363e+09  5.642e+08  5.966e-13  6.322e+02  1.818e+07
      170.0  6.436e+09  7.925e+09  5.319e+08  5.686e-13  6.351e+02  1.840e+07
      171.0  6.227e+09  7.512e+09  5.018e+08  5.423e-13  6.379e+02  1.860e+07
      172.0  6.028e+09  7.123e+09  4.735e+08  5.174e-13  6.406e+02  1.879e+07
      173.0  5.836e+09  6.757e+09  4.471e+08  4.938e-13  6.433e+02  1.895e+07
      174.0  5.652e+09  6.412e+09  4.222e+08  4.716e-13  6.459e+02  1.909e+07
      175.0  5.475e+09  6.087e+09  3.989e+08  4.505e-13  6.484e+02  1.921e+07
      176.0  5.305e+09  5.780e+09  3.770e+08  4.305e-13  6.508e+02  1.931e+07
      177.0  5.142e+09  5.490e+09  3.564e+08  4.116e-13  6.531e+02  1.939e+07
      178.0  4.985e+09  5.217e+09  3.371e+08  3.936e-13  6.554e+02  1.945e+07
      179.0  4.834e+09  4.958e+09  3.189e+08  3.766e-13  6.576e+02  1.950e+07
      180.0  4.688e+09  4.713e+09  3.018e+08  3.604e-13  6.598e+02  1.952e+07
      181.0  4.548e+09  4.482e+09  2.856e+08  3.451e-13  6.619e+02  1.953e+07
      182.0  4.413e+09  4.263e+09  2.704e+08  3.305e-13  6.639e+02  1.952e+07
      183.0  4.283e+09  4.056e+09  2.561e+08  3.167e-13  6.659e+02  1.949e+07
      184.0  4.157e+09  3.860e+09  2.426e+08  3.035e-13  6.678e+02  1.945e+07
      185.0  4.036e+09  3.675e+09  2.298e+08  2.909e-13  6.697e+02  1.939e+07
      186.0  3.919e+09  3.499e+09  2.178e+08  2.790e-13  6.715e+02  1.931e+07
      187.0  3.806e+09  3.332e+09  2.065e+08  2.676e-13  6.733e+02  1.922e+07
      188.0  3.697e+09  3.174e+09  1.957e+08  2.568e-13  6.750e+02  1.912e+07
      189.0  3.592e+09  3.024e+09  1.856e+08  2.465e-13  6.767e+02  1.901e+07
      190.0  3.490e+09  2.881e+09  1.760e+08  2.366e-13  6.783e+02  1.888e+07
      191.0  3.392e+09  2.746e+09  1.670e+08  2.272e-13  6.799e+02  1.874e+07
      192.0  3.297e+09  2.618e+09  1.584e+08  2.183e-13  6.814e+02  1.859e+07
      193.0  3.205e+09  2.496e+09  1.503e+08  2.097e-13  6.829e+02  1.843e+07
      194.0  3.116e+09  2.380e+09  1.427e+08  2.016e-13  6.843e+02  1.826e+07
      195.0  3.030e+09  2.270e+09  1.354e+08  1.938e-13  6.857e+02  1.809e+07
      196.0  2.947e+09  2.166e+09  1.286e+08  1.863e-13  6.871e+02  1.790e+07
      197.0  2.866e+09  2.066e+09  1.221e+08  1.792e-13  6.884e+02  1.771e+07
      198.0  2.788e+09  1.972e+09  1.159e+08  1.724e-13  6.897e+02  1.751e+07
      199.0  2.712e+09  1.882e+09  1.101e+08  1.659e-13  6.909e+02  1.730e+07
      200.0  2.639e+09  1.796e+09  1.046e+08  1.597e-13  6.921e+02  1.709e+07
