a
a
a
a
a
a
a
a
 IDAY           0
 UT   0.00000000    
 F107A   76.5999985    
 F107   76.5999985    
 APH   8.39999962       7.00000000       5.00000000       4.00000000       3.00000000       3.90000010       6.80000019    
 1, ALTITUDE (KM)
 2, D(2) - O NUMBER DENSITY(CM-3)
 3, D(3) - N2 NUMBER DENSITY(CM-3)
 4, D(4) - O2 NUMBER DENSITY(CM-3)
 5, D(6) - TOTAL MASS DENSITY(GM/CM3)
 6, T(2) - TEMPERATURE AT ALT
 7, D(8) - N NUMBER DENSITY(CM-3)
           1           2           3           4           5           6           7
   0.00000000       0.00000000       2.04170337E+19   5.47727545E+18   1.25615369E-03   279.073181       0.00000000    
   1.00000000       0.00000000       1.83175383E+19   4.91404457E+18   1.12698216E-03   274.639557       0.00000000    
   2.00000000       0.00000000       1.64438869E+19   4.41140173E+18   1.01170677E-03   269.630524       0.00000000    
   3.00000000       0.00000000       1.47559969E+19   3.95859095E+18   9.07859940E-04   264.223267       0.00000000    
   4.00000000       0.00000000       1.32244542E+19   3.54772490E+18   8.13631865E-04   258.585541       0.00000000    
   5.00000000       0.00000000       1.18278688E+19   3.17306109E+18   7.27707054E-04   252.862076       0.00000000    
   6.00000000       0.00000000       1.05508278E+19   2.83046921E+18   6.49137190E-04   247.172974       0.00000000    
   7.00000000       0.00000000       9.38222618E+18   2.51696931E+18   5.77239378E-04   241.616821       0.00000000    
   8.00000000       0.00000000       8.31393353E+18   2.23037665E+18   5.11512684E-04   236.280640       0.00000000    
   9.00000000       0.00000000       7.33961725E+18   1.96899938E+18   4.51568456E-04   231.250717       0.00000000    
   10.0000000       0.00000000       6.45393809E+18   1.73139835E+18   3.97077354E-04   226.624329       0.00000000    
   11.0000000       0.00000000       5.65156343E+18   1.51614462E+18   3.47711379E-04   222.528244       0.00000000    
   12.0000000       0.00000000       4.92628763E+18   1.32157491E+18   3.03088687E-04   219.110474       0.00000000    
   13.0000000       0.00000000       4.27263649E+18   1.14621991E+18   2.62872811E-04   216.452972       0.00000000    
   14.0000000       0.00000000       3.68623093E+18   9.88905294E+17   2.26794567E-04   214.565720       0.00000000    
   15.0000000       0.00000000       3.16345411E+18   8.48659562E+17   1.94630862E-04   213.416885       0.00000000    
   16.0000000       0.00000000       2.70159903E+18   7.24758002E+17   1.66215366E-04   212.940369       0.00000000    
   17.0000000       0.00000000       2.29927068E+18   6.16825130E+17   1.41462122E-04   212.993240       0.00000000    
   18.0000000       0.00000000       1.95301715E+18   5.23935879E+17   1.20159028E-04   213.447632       0.00000000    
   19.0000000       0.00000000       1.65767609E+18   4.44704762E+17   1.01988153E-04   214.189102       0.00000000    
   20.0000000       0.00000000       1.40737213E+18   3.77555903E+17   8.65882976E-05   215.091965       0.00000000    
   21.0000000       0.00000000       1.19600147E+18   3.20851306E+17   7.35837166E-05   216.039032       0.00000000    
   22.0000000       0.00000000       1.01732588E+18   2.72918062E+17   6.25908069E-05   217.017242       0.00000000    
   23.0000000       0.00000000       8.66022568E+17   2.32327855E+17   5.32818522E-05   218.044586       0.00000000    
   24.0000000       0.00000000       7.37711417E+17   1.97905788E+17   4.53875291E-05   219.142624       0.00000000    
   25.0000000       0.00000000       6.28768437E+17   1.68679721E+17   3.86848587E-05   220.335754       0.00000000    
   26.0000000       0.00000000       5.36180213E+17   1.43841066E+17   3.29883733E-05   221.650726       0.00000000    
   27.0000000       0.00000000       4.57428448E+17   1.22714277E+17   2.81431749E-05   223.116882       0.00000000    
   28.0000000       0.00000000       3.90401566E+17   1.04733009E+17   2.40193731E-05   224.766235       0.00000000    
   29.0000000       0.00000000       3.33324131E+17   8.94208068E+16   2.05076976E-05   226.633408       0.00000000    
   30.0000000       0.00000000       2.84698315E+17   7.63759517E+16   1.75160003E-05   228.756424       0.00000000    
   31.0000000       0.00000000       2.43257310E+17   6.52586823E+16   1.49663656E-05   231.177856       0.00000000    
   32.0000000       0.00000000       2.07929056E+17   5.57811326E+16   1.27927933E-05   233.945114       0.00000000    
   33.0000000       0.00000000       1.77845009E+17   4.77104810E+16   1.09418761E-05   237.054245       0.00000000    
   34.0000000       0.00000000       1.52427719E+17   4.08917995E+16   9.37808545E-06   240.178711       0.00000000    
   35.0000000       0.00000000       1.30942420E+17   3.51279104E+16   8.05620311E-06   243.243271       0.00000000    
   36.0000000       0.00000000       1.12741466E+17   3.02451425E+16   6.93639731E-06   246.227921       0.00000000    
   37.0000000       0.00000000       9.72896078E+16   2.60998763E+16   5.98572069E-06   249.113815       0.00000000    
   38.0000000       0.00000000       8.41429620E+16   2.25730253E+16   5.17687658E-06   251.881241       0.00000000    
   39.0000000       0.00000000       7.29330115E+16   1.95657514E+16   4.48719038E-06   254.509888       0.00000000    
   40.0000000       0.00000000       6.33533833E+16   1.69958148E+16   3.89780234E-06   256.978760       0.00000000    
   41.0000000       0.00000000       5.51486943E+16   1.47947407E+16   3.39301073E-06   259.266510       0.00000000    
   42.0000000       0.00000000       4.81059358E+16   1.29053814E+16   2.95970631E-06   261.351074       0.00000000    
   43.0000000       0.00000000       4.20469696E+16   1.12799392E+16   2.58693080E-06   263.209778       0.00000000    
   44.0000000       0.00000000       3.68226788E+16   9.87841941E+15   2.26550719E-06   264.820923       0.00000000    
   45.0000000       0.00000000       3.23079079E+16   8.66724132E+15   1.98773660E-06   266.163330       0.00000000    
   46.0000000       0.00000000       2.83973209E+16   7.61814509E+15   1.74713784E-06   267.218506       0.00000000    
   47.0000000       0.00000000       2.50016983E+16   6.70720239E+15   1.53822418E-06   267.974365       0.00000000    
   48.0000000       0.00000000       2.20459404E+16   5.91426821E+15   1.35637254E-06   268.421600       0.00000000    
   49.0000000       0.00000000       1.94668598E+16   5.22237260E+15   1.19769447E-06   268.552551       0.00000000    
   50.0000000       0.00000000       1.72111000E+16   4.61721762E+15   1.05890865E-06   268.361145       0.00000000    
   51.0000000       0.00000000       1.52335586E+16   4.08670702E+15   9.37241111E-07   267.842377       0.00000000    
   52.0000000       0.00000000       1.34960843E+16   3.62059515E+15   8.30344163E-07   266.992737       0.00000000    
   53.0000000       0.00000000       1.19662610E+16   3.21018902E+15   7.36221693E-07   265.809753       0.00000000    
   54.0000000       0.00000000       1.06165246E+16   2.84809509E+15   6.53179768E-07   264.293579       0.00000000    
   55.0000000       0.00000000       9.42338588E+15   2.52801131E+15   5.79771722E-07   262.445801       0.00000000    
   56.0000000       0.00000000       8.36657267E+15   2.24449904E+15   5.14751264E-07   260.278290       0.00000000    
   57.0000000       0.00000000       7.42820231E+15   1.99276282E+15   4.57018842E-07   257.834229       0.00000000    
   58.0000000       0.00000000       6.59313236E+15   1.76873947E+15   4.05641089E-07   255.162704       0.00000000    
   59.0000000       0.00000000       5.84864219E+15   1.56901544E+15   3.59836605E-07   252.312424       0.00000000    
   60.0000000       0.00000000       5.18399707E+15   1.39071135E+15   3.18944331E-07   249.329437       0.00000000    
   61.0000000       0.00000000       4.59007289E+15   1.23137880E+15   2.82403278E-07   246.257095       0.00000000    
   62.0000000       0.00000000       4.05907185E+15   1.08892782E+15   2.49733546E-07   243.135590       0.00000000    
   63.0000000       0.00000000       3.58442401E+15   9.61377426E+14   2.20519169E-07   240.001236       0.00000000    
   64.0000000       0.00000000       3.16025063E+15   8.47227531E+14   1.94402531E-07   236.887283       0.00000000    
   65.0000000       0.00000000       2.78131210E+15   7.45299434E+14   1.71073765E-07   233.823318       0.00000000    
   66.0000000       0.00000000       2.44312826E+15   6.54378130E+14   1.50256241E-07   230.836136       0.00000000    
   67.0000000       0.00000000       2.14170786E+15   5.73381624E+14   1.31704141E-07   227.949600       0.00000000    
   68.0000000       0.00000000       1.87349158E+15   5.01342305E+14   1.15197487E-07   225.185471       0.00000000    
   69.0000000       0.00000000       1.63525659E+15   4.37388464E+14   1.00537925E-07   222.563766       0.00000000    
   70.0000000       0.00000000       1.42408929E+15   3.80729792E+14   8.75453878E-08   220.102646       0.00000000    
   71.0000000       0.00000000       1.23733283E+15   3.30645977E+14   7.60561818E-08   217.819778       0.00000000    
   72.0000000       0.00000000       1.07255869E+15   2.86480660E+14   6.59206592E-08   215.732346       0.00000000    
   73.0000000       7606407.50       9.30507752E+14   2.48399752E+14   5.71824437E-08   213.794937       41519.8828    
   74.0000000       19698752.0       8.04939886E+14   2.14720850E+14   4.94572703E-08   211.673965       45146.0195    
   75.0000000       49957936.0       6.95952273E+14   1.85492172E+14   4.27523119E-08   209.387436       49126.3203    
   76.0000000       123083424.       6.00942831E+14   1.60016204E+14   3.69075188E-08   207.011230       53452.1523    
   77.0000000       292492960.       5.17868500E+14   1.37745775E+14   3.17972422E-08   204.608383       58106.7969    
   78.0000000       666316544.       4.45118365E+14   1.18248931E+14   2.73223577E-08   202.228317       63066.0195    
   79.0000000       1.44781478E+09   3.81407088E+14   1.01181041E+14   2.34038016E-08   199.906021       68299.3906    
   80.0000000       2.98911770E+09   3.25691598E+14   8.62624804E+13   1.99774437E-08   197.665009       73773.0938    
   81.0000000       5.84814336E+09   2.77102448E+14   7.32597185E+13   1.69897980E-08   195.518509       79453.5234    
   82.0000000       1.08263055E+10   2.34891795E+14   6.19718944E+13   1.43948222E-08   193.473267       85310.6328    
   83.0000000       1.89552701E+10   1.98394337E+14   5.22200117E+13   1.21516237E-08   191.530640       91321.6875    
   84.0000000       3.14033132E+10   1.67001935E+14   4.38404592E+13   1.02227844E-08   189.689163       97475.1484    
   85.0000000       4.92915343E+10   1.40148625E+14   3.66808662E+13   8.57347793E-09   187.947067       103772.812    
   86.0000000       7.34444257E+10   1.17303300E+14   3.05981586E+13   7.17101623E-09   186.303680       110230.430    
   87.0000000       1.04134042E+11   9.79678433E+13   2.54581628E+13   5.98474736E-09   184.761780       116879.172    
   88.0000000       1.40891898E+11   8.16795406E+13   2.11362052E+13   4.98614838E-09   183.329193       123762.766    
   89.0000000       1.82453600E+11   6.80131224E+13   1.75176596E+13   4.14899715E-09   182.022537       130934.195    
   90.0000000       2.26856419E+11   5.65837195E+13   1.44987883E+13   3.44953999E-09   180.868988       138454.531    
   91.0000000       2.71666086E+11   4.70487788E+13   1.19871782E+13   2.86660007E-09   179.912613       146385.578    
   92.0000000       3.14252624E+11   3.91075772E+13   9.90163501E+12   2.38158027E-09   179.214706       154785.250    
   93.0000000       3.52117326E+11   3.24974632E+13   8.17131107E+12   1.97823846E-09   178.835648       163693.016    
   94.0000000       3.83194825E+11   2.69948635E+13   6.73601867E+12   1.64274283E-09   178.829056       173134.812    
   95.0000000       4.06067413E+11   2.24130478E+13   5.54558764E+12   1.36356859E-09   179.238388       183132.453    
   96.0000000       4.20063019E+11   1.85977180E+13   4.55862229E+12   1.13120469E-09   180.094803       193714.844    
   97.0000000       4.25241870E+11   1.54217921E+13   3.74107249E+12   9.37833367E-10   181.413223       204925.672    
   98.0000000       4.22279774E+11   1.27804050E+13   3.06485710E+12   7.77026055E-10   183.188797       216836.844    
   99.0000000       4.12299821E+11   1.05865502E+13   2.50670245E+12   6.43460452E-10   185.392303       229551.547    
   100.000000       3.96676399E+11   8.76763100E+12   2.04718421E+12   5.32711486E-10   187.966782       243211.609    
   101.000000       3.76875418E+11   7.26270319E+12   1.67000552E+12   4.41069320E-10   190.842224       257997.422    
   102.000000       3.54346926E+11   6.02014168E+12   1.36138877E+12   3.65400432E-10   193.994095       274136.781    
   103.000000       3.30333684E+11   4.99563836E+12   1.10952697E+12   3.03015862E-10   197.432770       291860.219    
   104.000000       3.05817158E+11   4.15144582E+12   9.04369013E+11   2.51622639E-10   201.192459       311389.844    
   105.000000       2.81530270E+11   3.45575155E+12   7.37462714E+11   2.09286699E-10   205.328598       332927.438    
   106.000000       2.57989870E+11   2.88202870E+12   6.01767936E+11   1.74392945E-10   209.913834       356652.031    
   107.000000       2.35536826E+11   2.40831562E+12   4.91473240E+11   1.45603113E-10   215.034576       382714.000    
   108.000000       2.14377824E+11   2.01655674E+12   4.01809342E+11   1.21815183E-10   220.786804       411226.938    
   109.000000       1.94619097E+11   1.69196205E+12   3.28885174E+11   1.02125815E-10   227.274261       442264.000    
   110.000000       1.76296772E+11   1.42245993E+12   2.69535576E+11   8.57967586E-11   234.605011       475854.094    
   111.000000       1.59407768E+11   1.19831082E+12   2.21212033E+11   7.22318733E-11   242.875366       512006.469    
   112.000000       1.43946465E+11   1.01187846E+12   1.81900624E+11   6.09628736E-11   252.113052       550846.812    
   113.000000       1.29880154E+11   8.56824480E+11   1.49943435E+11   5.16010394E-11   262.327881       592543.875    
   114.000000       1.17150605E+11   7.27817388E+11   1.23967832E+11   4.38199269E-11   273.525940       637289.562    
   115.000000       1.05684337E+11   6.20406178E+11   1.02845841E+11   3.73473995E-11   285.701416       685318.188    
   116.000000       9.54004111E+10   5.30892915E+11   8.56570184E+10   3.19577906E-11   298.827240       736926.250    
   117.000000       8.62155817E+10   4.56218444E+11   7.16538511E+10   2.74648082E-11   312.842010       792506.438    
   118.000000       7.80479365E+10   3.93864217E+11   6.02318807E+10   2.37153335E-11   327.635498       852587.625    
   119.000000       7.08196106E+10   3.41758804E+11   5.09036995E+10   2.05837847E-11   343.027924       917886.750    
   120.000000       6.44579328E+10   2.98203742E+11   4.32771277E+10   1.79673620E-11   358.751190       989375.688    
   121.000000       5.88963840E+10   2.61806850E+11   3.70367734E+10   1.57819747E-11   374.426300       1068365.62    
   122.000000       5.40745728E+10   2.31425573E+11   3.19289917E+10   1.39587482E-11   389.551727       1156597.00    
   123.000000       4.99380961E+10   2.06121402E+11   2.77492490E+10   1.24412538E-11   403.502686       1256357.75    
   124.000000       4.65506918E+10   1.85458590E+11   2.43797791E+10   1.12043257E-11   414.615723       1373107.62    
   125.000000       4.34377114E+10   1.67328956E+11   2.14884372E+10   1.01189447E-11   425.904205       1499123.62    
   126.000000       4.06278922E+10   1.51514907E+11   1.90190756E+10   9.17261926E-12   436.823853       1636302.75    
   127.000000       3.80817449E+10   1.37647784E+11   1.68993178E+10   8.34316470E-12   447.387634       1785133.25    
   128.000000       3.57664276E+10   1.25429187E+11   1.50709914E+10   7.61258851E-12   457.608307       1946079.62    
   129.000000       3.36541471E+10   1.14614927E+11   1.34870886E+10   6.96621190E-12   467.496704       2119579.75    
   130.000000       3.17212897E+10   1.05004098E+11   1.21092342E+10   6.39194383E-12   477.065430       2306022.75    
   131.000000       2.99477033E+10   9.64301292E+10   1.09059707E+10   5.87975632E-12   486.324585       2505763.00    
   132.000000       2.83160678E+10   8.87539057E+10   9.85129062E+09   5.42128408E-12   495.285522       2719083.25    
   133.000000       2.68114084E+10   8.18586911E+10   8.92360704E+09   5.00951581E-12   503.958008       2946206.25    
   134.000000       2.54207078E+10   7.56458127E+10   8.10490880E+09   4.63851700E-12   512.351318       3187286.00    
   135.000000       2.41325998E+10   7.00315730E+10   7.38007859E+09   4.30326044E-12   520.476196       3442391.75    
   136.000000       2.29371290E+10   6.49444803E+10   6.73637990E+09   3.99945398E-12   528.340759       3711520.00    
   137.000000       2.18255626E+10   6.03232543E+10   6.16303667E+09   3.72342652E-12   535.954712       3994564.25    
   138.000000       2.07901737E+10   5.61151222E+10   5.65090560E+09   3.47200697E-12   543.325867       4291328.00    
   139.000000       1.98240584E+10   5.22744914E+10   5.19218995E+09   3.24246836E-12   550.462769       4601524.00    
   140.000000       1.89211853E+10   4.87617905E+10   4.78022656E+09   3.03243953E-12   557.372925       4924760.00    
   141.000000       1.80761006E+10   4.55424819E+10   4.40929843E+09   2.83985357E-12   564.064636       5260545.50    
   142.000000       1.72839526E+10   4.25864806E+10   4.07448141E+09   2.66291069E-12   570.544800       5608294.00    
   143.000000       1.65403863E+10   3.98673019E+10   3.77153434E+09   2.50003165E-12   576.820679       5967313.00    
   144.000000       1.58414776E+10   3.73616435E+10   3.49678771E+09   2.34982585E-12   582.898926       6336841.00    
   145.000000       1.51837276E+10   3.50490132E+10   3.24705357E+09   2.21106987E-12   588.786499       6715998.50    
   146.000000       1.45639414E+10   3.29111654E+10   3.01955917E+09   2.08268038E-12   594.489685       7103840.00    
   147.000000       1.39792323E+10   3.09320540E+10   2.81189325E+09   1.96369657E-12   600.013489       7499348.00    
   148.000000       1.34269911E+10   2.90972631E+10   2.62194022E+09   1.85326580E-12   605.365845       7901413.00    
   149.000000       1.29048596E+10   2.73940029E+10   2.44785357E+09   1.75062579E-12   610.551514       8308881.00    
   150.000000       1.24106639E+10   2.58108252E+10   2.28800794E+09   1.65510054E-12   615.575806       8720552.00    
   151.000000       1.19424225E+10   2.43374674E+10   2.14097408E+09   1.56607745E-12   620.444153       9135176.00    
   152.000000       1.14983557E+10   2.29647094E+10   2.00549325E+09   1.48301326E-12   625.161743       9551460.00    
   153.000000       1.10768159E+10   2.16842670E+10   1.88044710E+09   1.40541626E-12   629.733459       9968101.00    
   154.000000       1.06762813E+10   2.04886569E+10   1.76485056E+09   1.33284247E-12   634.164429       10383801.0    
   155.000000       1.02953748E+10   1.93711145E+10   1.65782771E+09   1.26489444E-12   638.459167       10797224.0    
   156.000000       9.93281536E+09   1.83255306E+10   1.55859763E+09   1.20120905E-12   642.621765       11207082.0    
   157.000000       9.58743962E+09   1.73463491E+10   1.46646605E+09   1.14145943E-12   646.657227       11612060.0    
   158.000000       9.25817856E+09   1.64285420E+10   1.38081037E+09   1.08534915E-12   650.568909       12010925.0    
   159.000000       8.94401331E+09   1.55675197E+10   1.30107622E+09   1.03260575E-12   654.360901       12402445.0    
   160.000000       8.64403149E+09   1.47590984E+10   1.22676467E+09   9.82985286E-13   658.037598       12785459.0    
   161.000000       8.35738624E+09   1.39955743E+10   1.15742643E+09   9.36080098E-13   661.602844       13158829.0    
   162.000000       8.08328704E+09   1.32816169E+10   1.09265882E+09   8.92064580E-13   665.059387       13521504.0    
   163.000000       7.82100685E+09   1.26097306E+10   1.03209779E+09   8.50550641E-13   668.411438       13872481.0    
   164.000000       7.56987443E+09   1.19769948E+10   975414208.       8.11365786E-13   671.662659       14210845.0    
   165.000000       7.32924365E+09   1.13807094E+10   922309888.       7.74352641E-13   674.815247       14535749.0    
   166.000000       7.09854208E+09   1.08184289E+10   872513984.       7.39365763E-13   677.873352       14846420.0    
   167.000000       6.87722598E+09   1.02878802E+10   825782144.       7.06271738E-13   680.839172       15142169.0    
   168.000000       6.66478182E+09   9.78696602E+09   781888768.       6.74946590E-13   683.716064       15422388.0    
   169.000000       6.46074368E+09   9.31376128E+09   740631552.       6.45278102E-13   686.507446       15686563.0    
   170.000000       6.26466970E+09   8.86647706E+09   701822784.       6.17160674E-13   689.214844       15934247.0    
   171.000000       6.07614157E+09   8.44347290E+09   665292672.       5.90497432E-13   691.841858       16165095.0    
   172.000000       5.89478246E+09   8.04321587E+09   630885120.       5.65198496E-13   694.390808       16378814.0    
   173.000000       5.72023091E+09   7.66430566E+09   598455872.       5.41180870E-13   696.863708       16575235.0    
   174.000000       5.55215309E+09   7.30542131E+09   567873728.       5.18366871E-13   699.263855       16754242.0    
   175.000000       5.39022387E+09   6.96534784E+09   539016704.       4.96685700E-13   701.592468       16915744.0    
   176.000000       5.23415757E+09   6.64295168E+09   511773760.       4.76070138E-13   703.853027       17059816.0    
   177.000000       5.08366848E+09   6.33718426E+09   486041056.       4.56458385E-13   706.046143       17186526.0    
   178.000000       4.93850112E+09   6.04706406E+09   461723424.       4.37792245E-13   708.175232       17296046.0    
   179.000000       4.79840614E+09   5.77168179E+09   438732384.       4.20018648E-13   710.241943       17388574.0    
   180.000000       4.66315725E+09   5.51018547E+09   416985792.       4.03087015E-13   712.247864       17464386.0    
   181.000000       4.53253530E+09   5.26178048E+09   396408352.       3.86950292E-13   714.195374       17523788.0    
   182.000000       4.40633498E+09   5.02572237E+09   376929024.       3.71565138E-13   716.086182       17567150.0    
   183.000000       4.28435942E+09   4.80131942E+09   358482496.       3.56890082E-13   717.921997       17594862.0    
   184.000000       4.16643789E+09   4.58792499E+09   341007456.       3.42887258E-13   719.704041       17607380.0    
   185.000000       4.05238451E+09   4.38492877E+09   324447392.       3.29520591E-13   721.434387       17605138.0    
   186.000000       3.94204851E+09   4.19176192E+09   308748928.       3.16755980E-13   723.114685       17588666.0    
   187.000000       3.83526451E+09   4.00789069E+09   293862816.       3.04562284E-13   724.746765       17558462.0    
   188.000000       3.73189888E+09   3.83281894E+09   279742752.       2.92909875E-13   726.331665       17515074.0    
   189.000000       3.63180595E+09   3.66607514E+09   266345504.       2.81770701E-13   727.870605       17459040.0    
   190.000000       3.53485670E+09   3.50721510E+09   253630672.       2.71118414E-13   729.365723       17390928.0    
   191.000000       3.44092646E+09   3.35582771E+09   241560032.       2.60928757E-13   730.818115       17311312.0    
   192.000000       3.34990208E+09   3.21152128E+09   230098304.       2.51178283E-13   732.228394       17220748.0    
   193.000000       3.26166656E+09   3.07392768E+09   219211968.       2.41845145E-13   733.598816       17119824.0    
   194.000000       3.17611546E+09   2.94270643E+09   208870112.       2.32909015E-13   734.929993       17009134.0    
   195.000000       3.09314790E+09   2.81752448E+09   199043088.       2.24350256E-13   736.223389       16889246.0    
   196.000000       3.01266867E+09   2.69808282E+09   189703200.       2.16150516E-13   737.479858       16760706.0    
   197.000000       2.93458355E+09   2.58408781E+09   180824544.       2.08292490E-13   738.700500       16624093.0    
   198.000000       2.85880550E+09   2.47526630E+09   172382800.       2.00760090E-13   739.887146       16479941.0    
   199.000000       2.78525645E+09   2.37136461E+09   164354848.       1.93537826E-13   741.039917       16328820.0    
   200.000000       2.71385190E+09   2.27213568E+09   156718960.       1.86611008E-13   742.160339       16171219.0    
   201.000000       2.64451738E+09   2.17735194E+09   149454896.       1.79965797E-13   743.249512       16007673.0    
   202.000000       2.57718016E+09   2.08679629E+09   142543184.       1.73589279E-13   744.307312       15838673.0    
   203.000000       2.51177293E+09   2.00026086E+09   135965696.       1.67468958E-13   745.335999       15664702.0    
   204.000000       2.44822733E+09   1.91755469E+09   129705296.       1.61593205E-13   746.335388       15486240.0    
   205.000000       2.38648038E+09   1.83849062E+09   123745912.       1.55950936E-13   747.307495       15303736.0    
   206.000000       2.32647219E+09   1.76289805E+09   118072000.       1.50531497E-13   748.252258       15117602.0    
   207.000000       2.26814566E+09   1.69060992E+09   112669136.       1.45325009E-13   749.170410       14928280.0    
   208.000000       2.21144166E+09   1.62146944E+09   107523864.       1.40322012E-13   750.063416       14736148.0    
   209.000000       2.15631130E+09   1.55532954E+09   102623088.       1.35513345E-13   750.931641       14541597.0    
   210.000000       2.10270106E+09   1.49205056E+09   97954536.0       1.30890673E-13   751.775269       14344984.0    
   211.000000       2.05056307E+09   1.43149811E+09   93506768.0       1.26445688E-13   752.596497       14146659.0    
   212.000000       1.99984986E+09   1.37354611E+09   89268712.0       1.22170828E-13   753.394592       13946944.0    
   213.000000       1.95051482E+09   1.31807398E+09   85230072.0       1.18058639E-13   754.170349       13746162.0    
   214.000000       1.90251482E+09   1.26496781E+09   81380944.0       1.14102304E-13   754.925293       13544589.0    
   215.000000       1.85581030E+09   1.21412109E+09   77712080.0       1.10294972E-13   755.659363       13342515.0    
   216.000000       1.81035853E+09   1.16542963E+09   74214584.0       1.06630430E-13   756.373169       13140200.0    
   217.000000       1.76612237E+09   1.11879539E+09   70880152.0       1.03102592E-13   757.067566       12937882.0    
   218.000000       1.72306394E+09   1.07412582E+09   67700824.0       9.97059016E-14   757.743225       12735803.0    
   219.000000       1.68114739E+09   1.03133312E+09   64669068.0       9.64347078E-14   758.400391       12534158.0    
   220.000000       1.64033779E+09   990332096.       61777744.0       9.32838740E-14   759.039551       12333160.0    
   221.000000       1.60060326E+09   951044416.       59020084.0       9.02484264E-14   759.661194       12133000.0    
   222.000000       1.56191130E+09   913393152.       56389640.0       8.73236081E-14   760.266418       11933848.0    
   223.000000       1.52422912E+09   877304960.       53880308.0       8.45050145E-14   760.854309       11735867.0    
   224.000000       1.48752973E+09   842711808.       51486284.0       8.17881732E-14   761.427429       11539200.0    
   225.000000       1.45178227E+09   809548032.       49202088.0       7.91690728E-14   761.984558       11343978.0    
   226.000000       1.41696000E+09   777751040.       47022504.0       7.66437491E-14   762.526917       11150335.0    
   227.000000       1.38303629E+09   747260864.       44942532.0       7.42084549E-14   763.054443       10958403.0    
   228.000000       1.34998426E+09   718021312.       42957408.0       7.18596393E-14   763.567932       10768264.0    
   229.000000       1.31777946E+09   689977536.       41062736.0       6.95938261E-14   764.067749       10580009.0    
   230.000000       1.28639834E+09   663077632.       39254180.0       6.74078103E-14   764.553955       10393745.0    
   231.000000       1.25581683E+09   637273280.       37527716.0       6.52984136E-14   765.027893       10209534.0    
   232.000000       1.22601216E+09   612516160.       35879512.0       6.32626072E-14   765.488098       10027449.0    
   233.000000       1.19696294E+09   588762560.       34305832.0       6.12976060E-14   765.936584       9847561.00    
   234.000000       1.16864781E+09   565969280.       32803220.0       5.94006181E-14   766.373230       9669912.00    
   235.000000       1.14104640E+09   544095616.       31368368.0       5.75690212E-14   766.798584       9494560.00    
   236.000000       1.11413888E+09   523102464.       29998110.0       5.58003588E-14   767.211975       9321534.00    
   237.000000       1.08790618E+09   502952160.       28689468.0       5.40921982E-14   767.614868       9150886.00    
   238.000000       1.06232954E+09   483609696.       27439538.0       5.24422424E-14   768.007019       8982622.00    
   239.000000       1.03739136E+09   465040768.       26245626.0       5.08482416E-14   768.389038       8816792.00    
   240.000000       1.01307475E+09   447213280.       25105136.0       4.93081629E-14   768.761047       8653397.00    
   241.000000       989361344.       430096096.       24015600.0       4.78199193E-14   769.122864       8492454.00    
   242.000000       966235968.       413659136.       22974696.0       4.63816268E-14   769.475769       8333979.00    
   243.000000       943681856.       397874528.       21980154.0       4.49914018E-14   769.819031       8177974.50    
   244.000000       921685056.       382714976.       21029830.0       4.36474485E-14   770.153076       8024443.00    
   245.000000       900229632.       368154720.       20121740.0       4.23480729E-14   770.478943       7873388.00    
   246.000000       879301568.       354169216.       19253936.0       4.10916384E-14   770.795715       7724795.00    
   247.000000       858886336.       340734208.       18424578.0       3.98765629E-14   771.104858       7578670.50    
   248.000000       838971200.       327827584.       17631904.0       3.87013589E-14   771.405945       7434988.00    
   249.000000       819542208.       315427456.       16874256.0       3.75645593E-14   771.699280       7293752.50    
   250.000000       800586496.       303512800.       16150021.0       3.64647650E-14   771.984375       7154938.00    
   251.000000       782092736.       292064352.       15457965.0       3.54006917E-14   772.262512       7018536.50    
   252.000000       764047872.       281062976.       14796108.0       3.43709944E-14   772.533264       6884523.00    
   253.000000       746440512.       270489920.       14163328.0       3.33744669E-14   772.797546       6752873.50    
   254.000000       729258816.       260328656.       13558322.0       3.24099437E-14   773.054871       6623576.00    
   255.000000       712492800.       250561888.       12979837.0       3.14762763E-14   773.305176       6496599.00    
   256.000000       696131072.       241174128.       12426668.0       3.05723634E-14   773.549622       6371924.00    
   257.000000       680162880.       232149472.       11897675.0       2.96971818E-14   773.787170       6249523.50    
   258.000000       664579136.       223473968.       11391787.0       2.88497050E-14   774.019348       6129368.00    
   259.000000       649368704.       215133312.       10907953.0       2.80289403E-14   774.245422       6011432.00    
   260.000000       634523328.       207113984.       10445190.0       2.72340168E-14   774.465027       5895689.00    
   261.000000       620032704.       199403328.       10002558.0       2.64639825E-14   774.679688       5782108.00    
   262.000000       605888320.       191989024.       9579157.00       2.57180125E-14   774.889038       5670657.00    
   263.000000       592081152.       184859056.       9174131.00       2.49952562E-14   775.092957       5561311.00    
   264.000000       578602816.       178002192.       8786654.00       2.42949073E-14   775.291260       5454038.50    
   265.000000       565445312.       171407632.       8415951.00       2.36162323E-14   775.485168       5348804.00    
   266.000000       552599616.       165064928.       8061273.50       2.29584740E-14   775.674133       5245581.50    
   267.000000       540059008.       158964192.       7721913.50       2.23209174E-14   775.857910       5144334.50    
   268.000000       527814816.       153095888.       7397197.50       2.17028832E-14   776.036926       5045040.50    
   269.000000       515860480.       147450688.       7086465.00       2.11037107E-14   776.212097       4947654.50    
   270.000000       504188224.       142020064.       6789105.00       2.05227765E-14   776.382263       4852164.50    
   271.000000       492791488.       136795200.       6504526.50       1.99594539E-14   776.549011       4758518.50    
   272.000000       481663232.       131768472.       6232166.50       1.94131498E-14   776.711060       4666697.50    
   273.000000       470796192.       126931728.       5971484.00       1.88833205E-14   776.868408       4576664.00    
   274.000000       460184800.       122277768.       5721973.50       1.83694036E-14   777.022766       4488391.50    
   275.000000       449822048.       117799504.       5483137.00       1.78708807E-14   777.173035       4401845.50    
   276.000000       439702240.       113489896.       5254508.00       1.73872350E-14   777.319397       4316998.50    
   277.000000       429818944.       109342456.       5035637.00       1.69179669E-14   777.462158       4233814.50    
   278.000000       420166816.       105350944.       4826097.50       1.64626325E-14   777.601746       4152267.75    
   279.000000       410740160.       101509248.       4625491.00       1.60207727E-14   777.737732       4072331.00    
   280.000000       401533024.       97811536.0       4433414.00       1.55919369E-14   777.870056       3993966.75    
   281.000000       392540704.       94252368.0       4249502.00       1.51757015E-14   777.998962       3917152.50    
   282.000000       383756960.       90826280.0       4073398.75       1.47716668E-14   778.125183       3841854.25    
   283.000000       375177984.       87528128.0       3904762.00       1.43794498E-14   778.248230       3768046.00    
   284.000000       366798080.       84353032.0       3743273.75       1.39986603E-14   778.368103       3695700.25    
   285.000000       358612192.       81296264.0       3588614.25       1.36289219E-14   778.485168       3624787.00    
   286.000000       350616288.       78353216.0       3440495.50       1.32699070E-14   778.599060       3555279.25    
   287.000000       342805024.       75519656.0       3298630.75       1.29212479E-14   778.710510       3487151.00    
   288.000000       335174304.       72791216.0       3162749.50       1.25826312E-14   778.818970       3420374.00    
   289.000000       327720064.       70164088.0       3032595.50       1.22537512E-14   778.924988       3354920.25    
   290.000000       320437344.       67634208.0       2907916.75       1.19342690E-14   779.028076       3290766.75    
   291.000000       313322912.       65197980.0       2788482.00       1.16239170E-14   779.129089       3227888.00    
   292.000000       306371840.       62851760.0       2674066.25       1.13223995E-14   779.227234       3166255.25    
   293.000000       299580544.       60592224.0       2564448.75       1.10294371E-14   779.323730       3105846.00    
   294.000000       292945216.       58415952.0       2459428.00       1.07447662E-14   779.416809       3046635.75    
   295.000000       286462208.       56319912.0       2358803.75       1.04681295E-14   779.508545       2988602.25    
   296.000000       280127872.       54301004.0       2262387.25       1.01992863E-14   779.597839       2931721.50    
   297.000000       273938656.       52356276.0       2170002.00       9.93798431E-15   779.684753       2875968.50    
   298.000000       267890688.       50482976.0       2081472.88       9.68399216E-15   779.769958       2821318.75    
   299.000000       261981184.       48678392.0       1996634.50       9.43709561E-15   779.852722       2767754.75    
   300.000000       256206384.       46939920.0       1915332.38       9.19705071E-15   779.933716       2714771.75    
   301.000000       250558336.       45265104.0       1837413.50       8.96355930E-15   780.012695       2663331.25    
   302.000000       245044304.       43651516.0       1762733.50       8.73666458E-15   780.089966       2612908.75    
   303.000000       239655856.       42096868.0       1691155.50       8.51604130E-15   780.164856       2563483.75    
   304.000000       234389968.       40598944.0       1622548.38       8.30148955E-15   780.238770       2515037.25    
   305.000000       229243792.       39155632.0       1556785.62       8.09283060E-15   780.310181       2467547.00    
   306.000000       224214480.       37764888.0       1493744.50       7.88989168E-15   780.380249       2420994.00    
   307.000000       219299104.       36424732.0       1433313.00       7.69249319E-15   780.448425       2375359.75    
   308.000000       214495264.       35133264.0       1375377.88       7.50047421E-15   780.515137       2330627.25    
   309.000000       209800240.       33888684.0       1319835.62       7.31367210E-15   780.580017       2286775.00    
   310.000000       205211184.       32689270.0       1266585.12       7.13194118E-15   780.643738       2243786.25    
   311.000000       200726096.       31533298.0       1215529.62       6.95512136E-15   780.706177       2201642.00    
   312.000000       196342160.       30419180.0       1166574.00       6.78306610E-15   780.766846       2160327.25    
   313.000000       192057280.       29345334.0       1119633.00       6.61564326E-15   780.825928       2119823.50    
   314.000000       187868880.       28310298.0       1074621.12       6.45270970E-15   780.883301       2080117.00    
   315.000000       183774912.       27312620.0       1031457.06       6.29413878E-15   780.939697       2041187.75    
   316.000000       179773104.       26350928.0       990063.062       6.13980048E-15   780.994995       2003022.75    
   317.000000       175861200.       25423874.0       950366.000       5.98957665E-15   781.048950       1965603.12    
   318.000000       172037248.       24530182.0       912292.750       5.84334276E-15   781.101379       1928918.38    
   319.000000       168299248.       23668618.0       875778.188       5.70098532E-15   781.152832       1892951.00    
   320.000000       164644976.       22838028.0       840754.188       5.56238701E-15   781.203003       1857684.38    
   321.000000       161072752.       22037238.0       807160.312       5.42744704E-15   781.251831       1823105.88    
   322.000000       157580400.       21265156.0       774937.000       5.29605783E-15   781.299927       1789201.62    
   323.000000       154166304.       20520746.0       744026.312       5.16811605E-15   781.346252       1755957.75    
   324.000000       150828528.       19802970.0       714374.438       5.04352682E-15   781.392151       1723362.12    
   325.000000       147565264.       19110868.0       685927.938       4.92218808E-15   781.436340       1691398.12    
   326.000000       144374992.       18443486.0       658637.812       4.80401512E-15   781.479980       1660055.62    
   327.000000       141255824.       17799950.0       632455.625       4.68891393E-15   781.522217       1629321.12    
   328.000000       138206112.       17179350.0       607334.875       4.57679388E-15   781.564209       1599180.62    
   329.000000       135224432.       16580867.0       583232.500       4.46758422E-15   781.604492       1569626.12    
   330.000000       132308976.       16003685.0       560106.125       4.36118715E-15   781.643921       1540643.88    
   331.000000       129458592.       15447040.0       537915.125       4.25753445E-15   781.683105       1512220.88    
   332.000000       126671376.       14910184.0       516621.312       4.15654653E-15   781.720581       1484347.62    
   333.000000       123946120.       14392384.0       496186.938       4.05814671E-15   781.757812       1457011.75    
   334.000000       121281216.       13892947.0       476576.938       3.96226724E-15   781.793762       1430203.25    
   335.000000       118675552.       13411227.0       457757.625       3.86883273E-15   781.828979       1403909.00    
   336.000000       116127608.       12946555.0       439696.062       3.77777923E-15   781.863586       1378121.62    
   337.000000       113635992.       12498349.0       422361.406       3.68903855E-15   781.897156       1352830.62    
   338.000000       111199576.       12065973.0       405723.688       3.60254971E-15   781.929932       1328022.62    
   339.000000       108816960.       11648875.0       389754.094       3.51825003E-15   781.962402       1303692.12    
   340.000000       106486976.       11246505.0       374425.562       3.43607703E-15   781.993591       1279827.00    
   341.000000       104208448.       10858330.0       359711.531       3.35597778E-15   782.024414       1256418.38    
   342.000000       101980152.       10483823.0       345587.281       3.27789024E-15   782.054138       1233458.62    
   343.000000       99801016.0       10122508.0       332028.156       3.20176209E-15   782.083740       1210935.88    
   344.000000       97669896.0       9773905.00       319011.406       3.12754210E-15   782.112488       1188843.38    
   345.000000       95585624.0       9437555.00       306514.781       3.05517478E-15   782.140381       1167171.25    
   346.000000       93547192.0       9113027.00       294517.469       2.98461249E-15   782.167480       1145911.62    
   347.000000       91553600.0       8799883.00       282998.531       2.91580419E-15   782.194824       1125057.50    
   348.000000       89603744.0       8497721.00       271938.688       2.84870563E-15   782.220825       1104598.75    
   349.000000       87696736.0       8206147.50       261319.375       2.78326853E-15   782.246277       1084528.00    
   350.000000       85831488.0       7924784.00       251122.469       2.71944968E-15   782.271301       1064838.38    
   351.000000       84007168.0       7653260.50       241331.156       2.65720673E-15   782.295471       1045522.00    
   352.000000       82222784.0       7391233.00       231928.875       2.59649543E-15   782.319092       1026570.19    
   353.000000       80477464.0       7138355.50       222900.000       2.53727745E-15   782.343262       1007977.38    
   354.000000       78770264.0       6894306.50       214228.984       2.47951002E-15   782.366028       989735.500    
   355.000000       77100472.0       6658767.50       205901.703       2.42315882E-15   782.388245       971838.125    
   356.000000       75467072.0       6431437.50       197904.281       2.36818405E-15   782.409973       954278.000    
   357.000000       73869296.0       6212024.00       190223.125       2.31454972E-15   782.431335       937047.875    
   358.000000       72306416.0       6000242.50       182845.594       2.26221938E-15   782.451965       920142.125    
   359.000000       70777608.0       5795824.00       175759.609       2.21115982E-15   782.472900       903554.625    
   360.000000       69282040.0       5598512.50       168953.266       2.16134157E-15   782.492676       887278.312    
   361.000000       67819064.0       5408046.50       162415.547       2.11272612E-15   782.511963       871307.938    
   362.000000       66387880.0       5224188.00       156135.219       2.06528422E-15   782.531311       855636.188    
   363.000000       64987864.0       5046703.50       150102.297       2.01898710E-15   782.549988       840258.250    
   364.000000       63618188.0       4875369.50       144306.719       1.97380382E-15   782.567932       825167.438    
   365.000000       62278224.0       4709959.50       138739.016       1.92970538E-15   782.585754       810359.188    
   366.000000       60967376.0       4550274.50       133390.047       1.88666425E-15   782.603271       795827.375    
   367.000000       59684912.0       4396108.00       128250.977       1.84465268E-15   782.620300       781566.312    
   368.000000       58430260.0       4247264.50       123313.523       1.80364295E-15   782.637207       767571.125    
   369.000000       57202748.0       4103557.00       118569.516       1.76361376E-15   782.653625       753836.812    
   370.000000       56001780.0       3964806.75       114011.266       1.72453558E-15   782.669434       740358.375    
   371.000000       54826764.0       3830837.00       109631.492       1.68638606E-15   782.684998       727129.375    
   372.000000       53677188.0       3701480.50       105422.984       1.64914064E-15   782.700317       714146.938    
   373.000000       52552392.0       3576577.75       101378.812       1.61277784E-15   782.715149       701404.562    
   374.000000       51451828.0       3455962.25       97492.6328       1.57727223E-15   782.729736       688899.188    
   375.000000       50375028.0       3339498.75       93758.0234       1.54260370E-15   782.744019       676624.812    
   376.000000       49321432.0       3227029.50       90168.9297       1.50875361E-15   782.758240       664578.062    
   377.000000       48290508.0       3118422.50       86719.7266       1.47569868E-15   782.771851       652753.562    
   378.000000       47281800.0       3013536.75       83404.7656       1.44341868E-15   782.785034       641148.000    
   379.000000       46294756.0       2912244.75       80218.6484       1.41189476E-15   782.798035       629756.750    
   380.000000       45328928.0       2814423.25       77156.4375       1.38110723E-15   782.810852       618575.062    
   381.000000       44383808.0       2719945.25       74213.1562       1.35103894E-15   782.823608       607598.875    
   382.000000       43458992.0       2628700.75       71384.1562       1.32167178E-15   782.835938       596826.250    
   383.000000       42554040.0       2540572.50       68664.8047       1.29298796E-15   782.848083       586250.375    
   384.000000       41668452.0       2455452.25       66050.8047       1.26496896E-15   782.859680       575869.812    
   385.000000       40801844.0       2373238.75       63538.0859       1.23760122E-15   782.871033       565679.188    
   386.000000       39953780.0       2293826.25       61122.5469       1.21086610E-15   782.882202       555675.688    
   387.000000       39123868.0       2217119.50       58800.3867       1.18474837E-15   782.893494       545855.312    
   388.000000       38311688.0       2143025.75       56568.0469       1.15923436E-15   782.904114       536215.812    
   389.000000       37516864.0       2071453.50       54421.7969       1.13430798E-15   782.914490       526751.750    
   390.000000       36739016.0       2002313.62       52358.4414       1.10995430E-15   782.924988       517461.250    
   391.000000       35977760.0       1935524.62       50374.5820       1.08616009E-15   782.934814       508340.781    
   392.000000       35232756.0       1871003.12       48467.1680       1.06291031E-15   782.944702       499386.000    
   393.000000       34503604.0       1808670.38       46633.2188       1.04019394E-15   782.954590       490595.250    
   394.000000       33789972.0       1748451.88       44869.8125       1.01799628E-15   782.963989       481964.781    
   395.000000       33091560.0       1690274.25       43174.1836       9.96305669E-16   782.973145       473491.250    
   396.000000       32407986.0       1634068.62       41543.7109       9.75107717E-16   782.982178       465171.781    
   397.000000       31738944.0       1579763.00       39975.8047       9.54392362E-16   782.991272       457003.844    
   398.000000       31084106.0       1527294.50       38468.1328       9.34148592E-16   782.999939       448984.938    
   399.000000       30443186.0       1476599.00       37018.1953       9.14362961E-16   783.008301       441110.812    
   400.000000       29815832.0       1427617.00       35623.8086       8.95024458E-16   783.016663       433379.750    
   401.000000       29201802.0       1380287.88       34282.8594       8.76124982E-16   783.024841       425789.094    
   402.000000       28600778.0       1334556.38       32993.1367       8.57651193E-16   783.032654       418335.844    
   403.000000       28012484.0       1290365.88       31752.7793       8.39593404E-16   783.040466       411017.438    
   404.000000       27436630.0       1247665.00       30559.7930       8.21941767E-16   783.048096       403831.688    
   405.000000       26872970.0       1206401.38       29412.3516       8.04687706E-16   783.055359       396775.719    
   406.000000       26321224.0       1166525.88       28308.7168       7.87819839E-16   783.062683       389847.250    
   407.000000       25781114.0       1127991.62       27247.1504       7.71330648E-16   783.069946       383043.906    
   408.000000       25252422.0       1090751.62       26226.0371       7.55210499E-16   783.076965       376363.281    
   409.000000       24734884.0       1054763.00       25243.7949       7.39449757E-16   783.083801       369802.969    
   410.000000       24228240.0       1019982.75       24298.9414       7.24040799E-16   783.090881       363360.844    
   411.000000       23732292.0       986368.188       23390.0039       7.08974888E-16   783.097595       357034.750    
   412.000000       23246776.0       953880.500       22515.6094       6.94243768E-16   783.103882       350822.281    
   413.000000       22771482.0       922481.688       21674.4355       6.79840714E-16   783.110168       344721.750    
   414.000000       22306180.0       892133.688       20865.1797       6.65756779E-16   783.116455       338730.750    
   415.000000       21850672.0       862801.125       20086.6113       6.51984553E-16   783.122375       332847.062    
   416.000000       21404716.0       834449.625       19337.5566       6.38516835E-16   783.128235       327069.156    
   417.000000       20968126.0       807045.312       18616.8750       6.25346478E-16   783.134216       321394.656    
   418.000000       20540698.0       780556.188       17923.4688       6.12466707E-16   783.139832       315821.875    
   419.000000       20122228.0       754951.000       17256.2969       5.99870692E-16   783.145325       310348.844    
   420.000000       19712534.0       730199.812       16614.3320       5.87551339E-16   783.150757       304973.844    
   421.000000       19311414.0       706274.250       15996.6416       5.75503301E-16   783.156250       299694.750    
   422.000000       18918682.0       683145.750       15402.2568       5.63718638E-16   783.161316       294510.156    
   423.000000       18534182.0       660786.812       14830.3008       5.52192319E-16   783.166565       289417.969    
   424.000000       18157708.0       639172.000       14279.9180       5.40918046E-16   783.171448       284416.750    
   425.000000       17789090.0       618275.938       13750.2715       5.29890259E-16   783.176270       279504.719    
   426.000000       17428192.0       598074.812       13240.5781       5.19103136E-16   783.181213       274680.062    
   427.000000       17074816.0       578544.625       12750.0615       5.08550641E-16   783.185730       269941.500    
   428.000000       16728790.0       559661.938       12277.9844       4.98227744E-16   783.190369       265287.125    
   429.000000       16389989.0       541406.625       11823.6699       4.88129364E-16   783.195129       260715.531    
   430.000000       16058248.0       523755.938       11386.4141       4.78249731E-16   783.199463       256225.203    
   431.000000       15733416.0       506690.250       10965.5684       4.68584132E-16   783.203613       251814.656    
   432.000000       15415338.0       490189.906       10560.5156       4.59128280E-16   783.207947       247482.375    
   433.000000       15103869.0       474235.312       10170.6514       4.49876139E-16   783.211975       243227.156    
   434.000000       14798867.0       458808.938       9795.39551       4.40823765E-16   783.216064       239047.047    
   435.000000       14500204.0       443892.375       9434.19336       4.31966818E-16   783.220215       234941.031    
   436.000000       14207737.0       429468.719       9086.50488       4.23299977E-16   783.224060       230908.047    
   437.000000       13921338.0       415521.156       8751.82227       4.14819986E-16   783.227905       226946.125    
   438.000000       13640878.0       402033.875       8429.65137       4.06521869E-16   783.231628       223054.312    
   439.000000       13366218.0       388991.594       8119.52881       3.98401603E-16   783.235291       219231.297    
   440.000000       13097255.0       376379.188       7820.97363       3.90455269E-16   783.238953       215475.797    
   441.000000       12833853.0       364182.219       7533.55273       3.82678924E-16   783.242554       211786.656    
   442.000000       12575896.0       352386.812       7256.85352       3.75068915E-16   783.245911       208162.438    
   443.000000       12323266.0       340979.656       6990.46973       3.67620955E-16   783.249451       204602.359    
   444.000000       12075871.0       329947.656       6734.00439       3.60331601E-16   783.252747       201104.781    
   445.000000       11833566.0       319277.969       6487.08984       3.53197572E-16   783.255981       197668.875    
   446.000000       11596270.0       308959.094       6249.35547       3.46214897E-16   783.259094       194293.500    
   447.000000       11363852.0       298978.938       6020.46240       3.39380717E-16   783.262207       190977.391    
   448.000000       11136238.0       289326.250       5800.07910       3.32691513E-16   783.265381       187719.625    
   449.000000       10913309.0       279990.156       5587.87354       3.26143737E-16   783.268494       184519.156    
   450.000000       10694962.0       270960.156       5383.54785       3.19734344E-16   783.271423       181374.766    
   451.000000       10481111.0       262226.094       5186.79932       3.13455051E-16   783.274231       178058.062    
   452.000000       10271656.0       253777.625       4997.34180       3.07313956E-16   783.276917       175032.094    
   453.000000       10066499.0       245605.797       4814.90771       3.01301822E-16   783.279785       172058.953    
   454.000000       9865558.00       237701.078       4639.22803       2.95416399E-16   783.282532       169137.703    
   455.000000       9668739.00       230055.031       4470.04688       2.89654589E-16   783.285217       166267.484    
   456.000000       9475966.00       222658.531       4307.12695       2.84013694E-16   783.287842       163447.328    
   457.000000       9287133.00       215503.453       4150.22900       2.78491331E-16   783.290222       160676.203    
   458.000000       9102173.00       208582.250       3999.12622       2.73084322E-16   783.292725       157953.453    
   459.000000       8920995.00       201886.391       3853.60229       2.67790446E-16   783.295166       155278.031    
   460.000000       8743528.00       195408.953       3713.44897       2.62607186E-16   783.297729       152649.297    
   461.000000       8569688.00       189142.344       3578.46387       2.57531924E-16   783.299927       150066.078    
   462.000000       8399400.00       183079.953       3448.45459       2.52562646E-16   783.302246       147527.812    
   463.000000       8232598.50       177215.000       3323.23804       2.47696654E-16   783.304565       145033.797    
   464.000000       8069192.50       171540.641       3202.62695       2.42931934E-16   783.306824       142583.000    
   465.000000       7909121.00       166050.812       3086.45630       2.38266080E-16   783.308838       140174.859    
   466.000000       7752319.00       160739.312       2974.55688       2.33697025E-16   783.311035       137808.297    
   467.000000       7598705.00       155600.328       2866.77173       2.29222680E-16   783.313232       135482.922    
   468.000000       7448233.50       150628.172       2762.94824       2.24840846E-16   783.315247       133197.891    
   469.000000       7300811.00       145817.438       2662.93408       2.20549552E-16   783.317261       130952.398    
   470.000000       7156390.00       141162.422       2566.59033       2.16346866E-16   783.319214       128745.688    
   471.000000       7014906.00       136658.453       2473.78027       2.12230709E-16   783.321289       126577.266    
   472.000000       6876298.00       132300.172       2384.37231       2.08199428E-16   783.323303       124446.398    
   473.000000       6740508.00       128083.148       2298.24243       2.04251090E-16   783.325012       122352.289    
   474.000000       6607465.50       124002.367       2215.26196       2.00383630E-16   783.326721       120294.398    
   475.000000       6477127.50       120053.844       2135.32251       1.96595765E-16   783.328552       118272.055    
   476.000000       6349432.50       116232.688       2058.30542       1.92885469E-16   783.330383       116284.695    
   477.000000       6224326.50       112535.102       1984.10400       1.89250917E-16   783.332214       114331.562    
   478.000000       6101745.00       108956.852       1912.61169       1.85690970E-16   783.333740       112412.133    
   479.000000       5981654.50       105494.109       1843.73401       1.82203696E-16   783.335327       110525.844    
   480.000000       5863986.00       102142.977       1777.36816       1.78787413E-16   783.336792       108672.117    
   481.000000       5748699.50       98899.9766       1713.42236       1.75440786E-16   783.338379       106850.242    
   482.000000       5635740.00       95761.4375       1651.80969       1.72162239E-16   783.339966       105059.672    
   483.000000       5525063.00       92723.9531       1592.44177       1.68950462E-16   783.341675       103300.000    
   484.000000       5416621.00       89784.2422       1535.23596       1.65803775E-16   783.343140       101570.555    
   485.000000       5310362.00       86939.1016       1480.11267       1.62720958E-16   783.344604       99870.8984    
   486.000000       5206250.00       84185.5156       1426.99573       1.59700664E-16   783.345886       98200.4609    
   487.000000       5104231.50       81520.3281       1375.80786       1.56741237E-16   783.347351       96558.6641    
   488.000000       5004270.50       78940.8047       1326.48242       1.53841790E-16   783.348816       94945.0703    
   489.000000       4906317.50       76444.1016       1278.94897       1.51000908E-16   783.350220       93359.1562    
   490.000000       4810338.50       74027.4844       1233.14099       1.48217187E-16   783.351501       91800.4766    
   491.000000       4716286.50       71688.4297       1188.99536       1.45489582E-16   783.352905       90268.4766    
   492.000000       4624124.50       69424.3594       1146.45081       1.42816849E-16   783.354126       88762.8125    
   493.000000       4533810.00       67232.7656       1105.44824       1.40197783E-16   783.355347       87282.8594    
   494.000000       4445310.50       65111.4219       1065.93140       1.37631287E-16   783.356628       85828.2422    
   495.000000       4358586.00       63057.9883       1027.84583       1.35116247E-16   783.357910       84398.5391    
   496.000000       4273601.50       61070.2031       991.139160       1.32651540E-16   783.358948       82993.2734    
   497.000000       4190315.25       59146.0312       955.759888       1.30236107E-16   783.360168       81612.1328    
   498.000000       4108699.75       57283.3438       921.659668       1.27868901E-16   783.361450       80254.5234    
   499.000000       4028716.25       55480.1914       888.792480       1.25549010E-16   783.362488       78920.0547    
   500.000000       3950334.25       53734.5547       857.112671       1.23275322E-16   783.363586       77608.4141    
   501.000000       3873518.00       52044.6914       826.576538       1.21046845E-16   783.364746       76319.1719    
   502.000000       3798236.25       50408.6719       797.141663       1.18862664E-16   783.365784       75051.8828    
   503.000000       3724456.50       48824.8672       768.768738       1.16721855E-16   783.366699       73806.2031    
   504.000000       3652148.75       47291.5312       741.419128       1.14623516E-16   783.367859       72581.8203    
   505.000000       3581285.00       45806.9922       715.054504       1.12566761E-16   783.368774       71378.2344    
   506.000000       3511832.75       44369.8008       689.639465       1.10550684E-16   783.369934       70195.1406    
   507.000000       3443765.75       42978.2812       665.139709       1.08574510E-16   783.370850       69032.1875    
   508.000000       3377052.75       41631.0469       641.520752       1.06637266E-16   783.371765       67889.0000    
   509.000000       3311667.25       40326.6367       618.751709       1.04738244E-16   783.372864       66765.2188    
   510.000000       3247582.50       39063.6445       596.800964       1.02876698E-16   783.373779       65660.5938    
   511.000000       3184771.25       37840.8359       575.638489       1.01051732E-16   783.374634       64574.7500    
   512.000000       3123207.75       36656.8164       555.236816       9.92625073E-17   783.375549       63507.2578    
   513.000000       3062867.25       35510.3281       535.566467       9.75085403E-17   783.376343       62457.9688    
   514.000000       3003725.00       34400.2383       516.601807       9.57888847E-17   783.377136       61426.4258    
   515.000000       2945754.00       33325.3281       498.317535       9.41029186E-17   783.377869       60412.3828    
   516.000000       2888933.00       32284.4941       480.687958       9.24498809E-17   783.378784       59415.5273    
   517.000000       2833238.00       31276.6348       463.690216       9.08292091E-17   783.379639       58435.5859    
   518.000000       2778646.50       30300.6582       447.301666       8.92400694E-17   783.380371       57472.1445    
   519.000000       2725134.50       29355.5566       431.498779       8.76819324E-17   783.381226       56525.1133    
   520.000000       2672681.00       28440.3359       416.261627       8.61540901E-17   783.381897       55594.0508    
   521.000000       2621264.00       27554.0605       401.568970       8.46559601E-17   783.382629       54678.7578    
   522.000000       2570864.00       26695.7871       387.401306       8.31868874E-17   783.383301       53778.9062    
   523.000000       2521458.25       25864.6484       373.740295       8.17463623E-17   783.384033       52894.2734    
   524.000000       2473029.75       25059.6973       360.566132       8.03336900E-17   783.384827       52024.5664    
   525.000000       2425553.00       24280.1641       347.862549       7.89483477E-17   783.385498       51169.5469    
   526.000000       2379015.00       23525.2148       335.612061       7.75897598E-17   783.386169       50328.9297    
   527.000000       2333393.00       22794.0762       323.798248       7.62574564E-17   783.386841       49502.4883    
   528.000000       2288670.00       22085.9453       312.405487       7.49507493E-17   783.387512       48689.9922    
   529.000000       2244828.75       21400.1562       301.418427       7.36692414E-17   783.388062       47891.1953    
   530.000000       2201845.75       20735.9180       290.822388       7.24123371E-17   783.388733       47105.8516    
   531.000000       2159712.00       20092.6133       280.603821       7.11795667E-17   783.389404       46333.7266    
   532.000000       2118403.75       19469.5234       270.748291       6.99704801E-17   783.389893       45574.5781    
   533.000000       2077908.00       18866.0254       261.243469       6.87845281E-17   783.390503       44828.2070    
   534.000000       2038209.00       18281.4883       252.076202       6.76212408E-17   783.391113       44094.3867    
   535.000000       1999285.50       17715.2832       243.234421       6.64801750E-17   783.391663       43372.8359    
   536.000000       1961126.50       17166.9004       234.706421       6.53609268E-17   783.392273       42663.4453    
   537.000000       1923715.00       16635.6953       226.481400       6.42629670E-17   783.392761       41965.9805    
   538.000000       1887036.38       16121.1592       218.547897       6.31859646E-17   783.393311       41280.1992    
   539.000000       1851077.00       15622.7549       210.895691       6.21293836E-17   783.393738       40605.9258    
   540.000000       1815820.25       15139.9688       203.514771       6.10928800E-17   783.394226       39942.9336    
   541.000000       1781253.62       14672.3027       196.395309       6.00760169E-17   783.394775       39291.0859    
   542.000000       1747361.62       14219.2881       189.527802       5.90784305E-17   783.395325       38650.1445    
   543.000000       1714133.00       13780.4297       182.903290       5.80997038E-17   783.395691       38019.9297    
   544.000000       1681552.38       13355.3125       176.513138       5.71394860E-17   783.396240       37400.2617    
   545.000000       1649607.12       12943.4736       170.348846       5.61973207E-17   783.396851       36790.9375    
   546.000000       1618285.88       12544.5195       164.402527       5.52729662E-17   783.397278       36191.8242    
   547.000000       1587575.00       12158.0244       158.666138       5.43659528E-17   783.397705       35602.7383    
   548.000000       1557462.38       11783.6016       153.132339       5.34760255E-17   783.398132       35023.4648    
   549.000000       1527936.12       11420.8564       147.793854       5.26028007E-17   783.398621       34453.8789    
   550.000000       1498985.12       11069.4336       142.643692       5.17458946E-17   783.399048       33893.7617    
   551.000000       1470597.00       10728.9707       137.675156       5.09050655E-17   783.399353       33343.0312    
   552.000000       1442759.88       10399.1113       132.881714       5.00799495E-17   783.399841       32801.4609    
   553.000000       1415465.12       10079.5283       128.257126       4.92702389E-17   783.400208       32268.9434    
   554.000000       1388700.25       9769.91309       123.795448       4.84756062E-17   783.400635       31745.2695    
   555.000000       1362454.25       9469.91992       119.490837       4.76957900E-17   783.400940       31230.3359    
   556.000000       1336716.88       9179.25781       115.337479       4.69304527E-17   783.401428       30723.9531    
   557.000000       1311479.25       8897.64355       111.330383       4.61793462E-17   783.401855       30226.0098    
   558.000000       1286731.75       8624.79199       107.464012       4.54421430E-17   783.402222       29736.3281    
   559.000000       1262462.88       8360.40039       103.733505       4.47186015E-17   783.402527       29254.8086    
   560.000000       1238662.25       8104.23584       100.134125       4.40084107E-17   783.402893       28781.2832    
   561.000000       1215324.25       7856.01904       96.6609955       4.33114085E-17   783.403198       28315.6113    
   562.000000       1192438.38       7615.50928       93.3098145       4.26271978E-17   783.403564       27857.7070    
   563.000000       1169992.88       7382.45898       90.0761108       4.19556164E-17   783.403870       27407.3691    
   564.000000       1147982.00       7156.62646       86.9557800       4.12963502E-17   783.404236       26964.4941    
   565.000000       1126395.62       6937.80322       83.9448624       4.06492071E-17   783.404602       26528.9785    
   566.000000       1105226.50       6725.74854       81.0393219       4.00139423E-17   783.404907       26100.6719    
   567.000000       1084465.62       6520.26123       78.2355728       3.93902878E-17   783.405151       25679.4629    
   568.000000       1064105.25       6321.14453       75.5299759       3.87780484E-17   783.405518       25265.2461    
   569.000000       1044136.31       6128.18311       72.9190140       3.81770025E-17   783.405884       24857.8555    
   570.000000       1024552.62       5941.18848       70.3993607       3.75868951E-17   783.406067       24457.2070    
   571.000000       1005345.50       5759.97266       67.9677734       3.70075312E-17   783.406433       24063.1875    
   572.000000       986508.312       5584.35791       65.6211166       3.64386956E-17   783.406738       23675.6992    
   573.000000       968033.250       5414.17041       63.3564186       3.58802098E-17   783.407043       23294.6055    
   574.000000       949913.562       5249.23828       61.1708031       3.53318287E-17   783.407288       22919.7734    
   575.000000       932141.375       5089.38721       59.0614014       3.47933672E-17   783.407532       22551.1777    
   576.000000       914710.750       4934.47510       57.0256538       3.42646632E-17   783.407715       22188.6406    
   577.000000       897614.750       4784.33691       55.0607834       3.37454816E-17   783.408020       21832.0801    
   578.000000       880846.250       4638.82422       53.1644630       3.32356604E-17   783.408325       21481.4004    
   579.000000       864399.625       4497.79541       51.3341980       3.27349911E-17   783.408569       21136.4941    
   580.000000       848267.688       4361.11377       49.5676231       3.22433481E-17   783.408813       20797.2754    
   581.000000       832445.250       4228.63770       47.8625641       3.17605360E-17   783.408997       20463.6426    
   582.000000       816925.000       4100.23535       46.2168045       3.12863133E-17   783.409241       20135.4922    
   583.000000       801702.312       3975.78613       44.6283112       3.08206272E-17   783.409485       19812.7539    
   584.000000       786770.188       3855.15625       43.0950432       3.03632129E-17   783.409729       19495.3164    
   585.000000       772124.250       3738.24292       41.6150284       2.99139711E-17   783.410034       19183.0859    
   586.000000       757757.312       3624.91455       40.1863708       2.94727265E-17   783.410278       18875.9961    
   587.000000       743665.312       3515.06714       38.8073883       2.90393301E-17   783.410522       18573.9355    
   588.000000       729841.750       3408.59009       37.4762421       2.86136134E-17   783.410706       18276.8555    
   589.000000       716281.750       3305.38086       36.1912537       2.81954372E-17   783.410889       17984.6367    
   590.000000       702981.000       3205.33862       34.9508514       2.77846659E-17   783.411072       17697.2168    
   591.000000       689932.688       3108.36084       33.7534447       2.73811341E-17   783.411316       17414.4980    
   592.000000       677133.062       3014.35718       32.5974846       2.69847194E-17   783.411499       17136.4238    
   593.000000       664577.500       2923.23022       31.4815712       2.65952993E-17   783.411743       16862.8809    
   594.000000       652260.750       2834.89648       30.4043064       2.62127101E-17   783.411926       16593.8516    
   595.000000       640177.812       2749.26221       29.3642941       2.58368375E-17   783.412170       16329.2002    
   596.000000       628324.688       2666.24829       28.3602657       2.54675312E-17   783.412354       16068.8945    
   597.000000       616697.188       2585.77661       27.3909550       2.51046967E-17   783.412598       15812.8359    
   598.000000       605289.688       2507.76001       26.4551315       2.47481967E-17   783.412659       15560.9590    
   599.000000       594099.500       2432.12891       25.5516682       2.43979172E-17   783.412903       15313.2158    
   600.000000       583121.000       2358.80933       24.6793919       2.40537075E-17   783.413025       15069.4951    
   601.000000       572350.562       2287.72681       23.8372250       2.37154981E-17   783.413269       14829.7627    
   602.000000       561784.312       2218.81445       23.0241070       2.33831353E-17   783.413391       14593.9355    
   603.000000       551418.125       2152.00024       22.2390385       2.30565363E-17   783.413574       14361.9639    
   604.000000       541248.250       2087.22974       21.4810410       2.27355703E-17   783.413757       14133.7695    
   605.000000       531270.938       2024.42847       20.7491779       2.24201449E-17   783.413879       13909.2979    
   606.000000       521481.844       1963.54272       20.0425034       2.21101573E-17   783.414001       13688.4746    
   607.000000       511878.250       1904.51050       19.3601837       2.18054835E-17   783.414246       13471.2529    
   608.000000       502455.906       1847.27649       18.7013378       2.15060458E-17   783.414368       13257.5625    
   609.000000       493211.312       1791.78247       18.0651550       2.12117382E-17   783.414551       13047.3477    
   610.000000       484141.375       1737.97754       17.4508724       2.09224533E-17   783.414673       12840.5635    
   611.000000       475242.594       1685.80969       16.8576984       2.06381232E-17   783.414795       12637.1289    
   612.000000       466511.469       1635.22571       16.2849026       2.03586156E-17   783.414917       12437.0000    
   613.000000       457944.625       1586.18005       15.7317886       2.00838626E-17   783.415039       12240.1260    
   614.000000       449539.156       1538.62158       15.1976719       1.98137732E-17   783.415222       12046.4473    
   615.000000       441292.438       1492.50952       14.6818848       1.95482714E-17   783.415405       11855.9092    
   616.000000       433200.625       1447.79602       14.1838055       1.92872446E-17   783.415466       11668.4600    
   617.000000       425260.938       1404.43823       13.7027922       1.90306201E-17   783.415649       11484.0547    
   618.000000       417470.531       1362.39526       13.2382946       1.87783333E-17   783.415710       11302.6426    
   619.000000       409826.406       1321.62732       12.7896910       1.85302767E-17   783.415833       11124.1602    
   620.000000       402325.969       1282.09412       12.3564644       1.82863858E-17   783.415894       10948.5752    
   621.000000       394966.250       1243.75696       11.9380732       1.80465796E-17   783.416077       10775.8301    
   622.000000       387744.750       1206.58252       11.5340080       1.78107702E-17   783.416199       10605.8789    
   623.000000       380658.562       1170.53076       11.1437607       1.75789099E-17   783.416321       10438.6729    
   624.000000       373705.094       1135.57239       10.7668695       1.73509091E-17   783.416382       10274.1729    
   625.000000       366881.875       1101.66919       10.4028616       1.71266919E-17   783.416504       10112.3359    
   626.000000       360186.594       1068.79163       10.0512934       1.69061870E-17   783.416687       9953.11230    
   627.000000       353616.281       1036.90637       9.71173763       1.66893416E-17   783.416809       9796.44727    
   628.000000       347169.281       1005.98419       9.38376522       1.64760763E-17   783.416870       9642.32129    
   629.000000       340842.469       975.996582       9.06700420       1.62663215E-17   783.417053       9490.67578    
   630.000000       334634.094       946.913757       8.76104450       1.60600226E-17   783.417175       9341.48633    
   631.000000       328541.719       918.707764       8.46552372       1.58571036E-17   783.417236       9194.70020    
   632.000000       322563.062       891.353638       8.18008041       1.56575099E-17   783.417358       9050.26855    
   633.000000       316695.688       864.822083       7.90436840       1.54611802E-17   783.417419       8908.17090    
   634.000000       310938.156       839.091125       7.63804388       1.52680600E-17   783.417480       8768.35547    
   635.000000       305287.594       814.135010       7.38079453       1.50780815E-17   783.417664       8630.79395    
   636.000000       299742.594       789.930298       7.13230085       1.48911916E-17   783.417664       8495.44629    
   637.000000       294300.656       766.454407       6.89226675       1.47073275E-17   783.417786       8362.27148    
   638.000000       288960.125       743.684387       6.66039085       1.45264364E-17   783.417847       8231.24121    
   639.000000       283719.000       721.598816       6.43640566       1.43484668E-17   783.418091       8102.31104    
   640.000000       278575.312       700.177795       6.22003031       1.41733626E-17   783.418152       7975.45703    
   641.000000       273527.406       679.399902       6.01101208       1.40010708E-17   783.418213       7850.63965    
   642.000000       268572.875       659.247009       5.80908728       1.38315393E-17   783.418274       7727.81885    
   643.000000       263710.531       639.699097       5.61402750       1.36647326E-17   783.418396       7606.97803    
   644.000000       258938.531       620.737488       5.42558432       1.35005810E-17   783.418457       7488.06592    
   645.000000       254255.078       602.344299       5.24352646       1.33390385E-17   783.418579       7371.06396    
   646.000000       249658.188       584.503784       5.06765127       1.31800808E-17   783.418701       7255.93359    
   647.000000       245146.797       567.197632       4.89773560       1.30236361E-17   783.418762       7142.64893    
   648.000000       240718.891       550.410217       4.73357487       1.28696556E-17   783.418762       7031.17188    
   649.000000       236373.078       534.126038       4.57498169       1.27181137E-17   783.418884       6921.48535    
   650.000000       232107.625       518.329712       4.42175627       1.25689631E-17   783.418945       6813.55469    
   651.000000       227921.047       503.005280       4.27371359       1.24221559E-17   783.419067       6707.34424    
   652.000000       223811.844       488.139801       4.13068628       1.22776408E-17   783.419128       6602.83350    
   653.000000       219778.625       473.719574       3.99249744       1.21353947E-17   783.419128       6499.99072    
   654.000000       215819.875       459.730225       3.85897589       1.19953613E-17   783.419189       6398.79395    
   655.000000       211934.234       446.159271       3.72997046       1.18575141E-17   783.419312       6299.21045    
   656.000000       208120.328       432.993225       3.60532188       1.17218003E-17   783.419373       6201.21484    
   657.000000       204376.891       420.220490       3.48488450       1.15881941E-17   783.419434       6104.78369    
   658.000000       200702.359       407.829285       3.36851192       1.14566525E-17   783.419434       6009.88379    
   659.000000       197095.469       395.808197       3.25606561       1.13271375E-17   783.419556       5916.50391    
   660.000000       193555.078       384.145477       3.14741492       1.11996160E-17   783.419678       5824.60693    
   661.000000       190079.859       372.830353       3.04242969       1.10740492E-17   783.419678       5734.17578    
   662.000000       186668.625       361.852722       2.94097829       1.09504022E-17   783.419739       5645.17969    
   663.000000       183320.156       351.202484       2.84294844       1.08286504E-17   783.419739       5557.60840    
   664.000000       180033.266       340.869080       2.74822259       1.07087447E-17   783.419861       5471.42188    
   665.000000       176806.688       330.843506       2.65668511       1.05906597E-17   783.419861       5386.60889    
   666.000000       173639.438       321.116730       2.56822968       1.04743672E-17   783.420105       5303.14355    
   667.000000       170530.359       311.679108       2.48274589       1.03598284E-17   783.420105       5221.00391    
   668.000000       167478.266       302.521881       2.40014076       1.02470200E-17   783.420166       5140.16553    
   669.000000       164482.281       293.637634       2.32031274       1.01359089E-17   783.420166       5060.61182    
   670.000000       161541.031       285.016846       2.24317026       1.00264597E-17   783.420288       4982.31982    
   671.000000       158653.828       276.652435       2.16861629       9.91864745E-18   783.420349       4905.27295    
   672.000000       155819.469       268.536377       2.09656715       9.81244408E-18   783.420349       4829.44287    
   673.000000       153037.047       260.661499       2.02693915       9.70782476E-18   783.420410       4754.81641    
   674.000000       150305.469       253.020126       1.95964396       9.60474813E-18   783.420471       4681.37012    
   675.000000       147623.781       245.605499       1.89460850       9.50320592E-18   783.420532       4609.08984    
   676.000000       144991.344       238.410721       1.83175421       9.40315263E-18   783.420593       4537.94873    
   677.000000       142406.906       231.429276       1.77100754       9.30458331E-18   783.420593       4467.93994    
   678.000000       139869.562       224.654968       1.71229410       9.20745493E-18   783.420654       4399.03662    
   679.000000       137378.688       218.080933       1.65554976       9.11175179E-18   783.420715       4331.21826    
   680.000000       134933.203       211.701675       1.60070431       9.01744741E-18   783.420776       4264.47510    
   681.000000       132532.406       205.511490       1.54769802       8.92450788E-18   783.420837       4198.78564    
   682.000000       130175.367       199.504227       1.49646318       8.83291830E-18   783.420837       4134.13232    
   683.000000       127861.195       193.674789       1.44694114       8.74266132E-18   783.420898       4070.49951    
   684.000000       125589.148       188.017624       1.39907467       8.65370301E-18   783.420959       4007.87012    
   685.000000       123358.539       182.527740       1.35280991       8.56602269E-18   783.421021       3946.22900    
   686.000000       121168.602       177.200241       1.30809116       8.47961044E-18   783.421021       3885.55762    
   687.000000       119018.422       172.029724       1.26486492       8.39442573E-18   783.421082       3825.84570    
   688.000000       116907.266       167.012115       1.22308147       8.31045945E-18   783.421143       3767.07227    
   689.000000       114834.555       162.142624       1.18269396       8.22769010E-18   783.421143       3709.22827    
   690.000000       112799.516       157.416748       1.14365447       8.14609701E-18   783.421204       3652.28857    
   691.000000       110801.438       152.830215       1.10591638       8.06565286E-18   783.421204       3596.24927    
   692.000000       108839.555       148.379105       1.06943619       7.98635023E-18   783.421265       3541.08911    
   693.000000       106913.273       144.058960       1.03417206       7.90815768E-18   783.421326       3486.79517    
   694.000000       105021.953       139.865997       1.00008249       7.83106692E-18   783.421387       3433.35547    
   695.000000       103164.828       135.796783      0.967127979       7.75504985E-18   783.421387       3380.75708    
   696.000000       101341.414       131.847336      0.935272217       7.68009323E-18   783.421387       3328.98047    
   697.000000       99551.0625       128.014023      0.904475272       7.60618216E-18   783.421448       3278.01880    
   698.000000       97793.0234       124.293457      0.874704182       7.53329100E-18   783.421448       3227.85645    
   699.000000       96066.8516       120.682297      0.845921338       7.46140570E-18   783.421448       3178.48145    
   700.000000       94371.8750       117.177345      0.818096697       7.39051549E-18   783.421570       3129.88062    
