Sphere-cone aerodynamic data (modified Newtonian + free-molecular, analytic sample)
variables = Kn, CFx, CFy, CFz, CMx, CMy, CMz, SDV_CFx, SDV_CFy, SDV_CFz, SDV_CMx, SDV_CMy, SDV_CMz, Altitude 
AOA 0
1.000000000000000048e-04	9.769715196123678336e-01	-6.996072800921573767e-18	-1.059494669280924111e-17	-3.671443938331258707e-19	1.057769107930303752e-17	-1.031777840086584030e-17	0.000000000000000000e+00	0.000000000000000000e+00	0.000000000000000000e+00	0.000000000000000000e+00	0.000000000000000000e+00	0.000000000000000000e+00	4.488687842826759322e+01
1.000000000000000021e-03	9.769715196123678336e-01	-6.996072800921573767e-18	-1.059494669280924111e-17	-3.671443938331258707e-19	1.057769107930303752e-17	-1.031777840086584030e-17	0.000000000000000000e+00	0.000000000000000000e+00	0.000000000000000000e+00	0.000000000000000000e+00	0.000000000000000000e+00	0.000000000000000000e+00	6.282906385181639308e+01
1.000000000000000021e-02	1.126790571891609583e+00	-8.944878651278485850e-18	-1.018943977541344769e-17	1.817814653285386654e-19	1.182009525174972314e-17	-1.379694147405421682e-17	0.000000000000000000e+00	0.000000000000000000e+00	0.000000000000000000e+00	0.000000000000000000e+00	0.000000000000000000e+00	0.000000000000000000e+00	7.861872696558826590e+01
1.000000000000000056e-01	1.488485759805872499e+00	-3.846518907597797332e-18	-3.727212517340058404e-18	-1.440606931555988687e-19	1.577163074467043427e-17	-1.714183430464744229e-17	0.000000000000000000e+00	0.000000000000000000e+00	0.000000000000000000e+00	0.000000000000000000e+00	0.000000000000000000e+00	0.000000000000000000e+00	9.327859555343430031e+01
1.000000000000000000e+00	1.850180947720687863e+00	-1.433631420560360863e-18	-6.880675885598835195e-19	2.697694873165898973e-19	1.754895893580944326e-17	-1.918338907760020094e-17	0.000000000000000000e+00	0.000000000000000000e+00	0.000000000000000000e+00	0.000000000000000000e+00	0.000000000000000000e+00	0.000000000000000000e+00	1.060762768763438828e+02
1.000000000000000000e+01	1.999999999999935607e+00	-9.795193061600327345e-19	1.861059589785918576e-18	-3.586722745145541105e-20	1.884312994877474270e-17	-1.626719039505172783e-17	0.000000000000000000e+00	0.000000000000000000e+00	0.000000000000000000e+00	0.000000000000000000e+00	0.000000000000000000e+00	0.000000000000000000e+00	1.206916703693729289e+02
1.000000000000000000e+02	1.999999999999935607e+00	-9.795193061600327345e-19	1.861059589785918576e-18	-3.586722745145541105e-20	1.884312994877474270e-17	-1.626719039505172783e-17	0.000000000000000000e+00	0.000000000000000000e+00	0.000000000000000000e+00	0.000000000000000000e+00	0.000000000000000000e+00	0.000000000000000000e+00	1.539344102715903375e+02
1.000000000000000000e+03	1.999999999999935607e+00	-9.795193061600327345e-19	1.861059589785918576e-18	-3.586722745145541105e-20	1.884312994877474270e-17	-1.626719039505172783e-17	0.000000000000000000e+00	0.000000000000000000e+00	0.000000000000000000e+00	0.000000000000000000e+00	0.000000000000000000e+00	0.000000000000000000e+00	2.192644144570184039e+02
1.000000000000000000e+04	1.999999999999935607e+00	-9.795193061600327345e-19	1.861059589785918576e-18	-3.586722745145541105e-20	1.884312994877474270e-17	-1.626719039505172783e-17	0.000000000000000000e+00	0.000000000000000000e+00	0.000000000000000000e+00	0.000000000000000000e+00	0.000000000000000000e+00	0.000000000000000000e+00	3.104266064343532321e+02
1.000000000000000000e+05	1.999999999999935607e+00	-9.795193061600327345e-19	1.861059589785918576e-18	-3.586722745145541105e-20	1.884312994877474270e-17	-1.626719039505172783e-17	0.000000000000000000e+00	0.000000000000000000e+00	0.000000000000000000e+00	0.000000000000000000e+00	0.000000000000000000e+00	0.000000000000000000e+00	4.000000000000000000e+02
AOA 10
1.000000000000000048e-04	9.605088932700555082e-01	-1.305063618991089496e-17	1.474155522064978796e-01	-2.407473964479078694e-19	-1.188912789557060451e-01	-9.080227369717772699e-18	0.000000000000000000e+00	0.000000000000000000e+00	0.000000000000000000e+00	0.000000000000000000e+00	0.000000000000000000e+00	0.000000000000000000e+00	4.488687842826759322e+01
1.000000000000000021e-03	9.605088932700555082e-01	-1.305063618991089496e-17	1.474155522064978796e-01	-2.407473964479078694e-19	-1.188912789557060451e-01	-9.080227369717772699e-18	0.000000000000000000e+00	0.000000000000000000e+00	0.000000000000000000e+00	0.000000000000000000e+00	0.000000000000000000e+00	0.000000000000000000e+00	6.282906385181639308e+01
1.000000000000000021e-02	1.103907030150981017e+00	-1.794853423606248054e-18	1.759147347508835391e-01	3.833981625909695955e-19	-1.215148629788697227e-01	-1.060680992709475645e-17	0.000000000000000000e+00	0.000000000000000000e+00	0.000000000000000000e+00	0.000000000000000000e+00	0.000000000000000000e+00	0.000000000000000000e+00	7.861872696558826590e+01
1.000000000000000056e-01	1.450100757027981357e+00	-5.445224537051492188e-18	2.447178477660841289e-01	8.517262979077868710e-19	-1.278487551096178232e-01	-6.750180308458167334e-18	0.000000000000000000e+00	0.000000000000000000e+00	0.000000000000000000e+00	0.000000000000000000e+00	0.000000000000000000e+00	0.000000000000000000e+00	9.327859555343430031e+01
1.000000000000000000e+00	1.796294483904981254e+00	-4.902211949528135706e-18	3.135209607812823318e-01	2.764133588525049426e-18	-1.341826472403653825e-01	-1.239384440083100611e-17	0.000000000000000000e+00	0.000000000000000000e+00	0.000000000000000000e+00	0.000000000000000000e+00	0.000000000000000000e+00	0.000000000000000000e+00	1.060762768763438828e+02
1.000000000000000000e+01	1.939692620785907096e+00	-9.896621150257482751e-19	3.420201433256668810e-01	4.079874118373102195e-18	-1.368062312635278943e-01	-1.863282715916788154e-17	0.000000000000000000e+00	0.000000000000000000e+00	0.000000000000000000e+00	0.000000000000000000e+00	0.000000000000000000e+00	0.000000000000000000e+00	1.206916703693729289e+02
1.000000000000000000e+02	1.939692620785907096e+00	-9.896621150257482751e-19	3.420201433256668810e-01	4.079874118373102195e-18	-1.368062312635278943e-01	-1.863282715916788154e-17	0.000000000000000000e+00	0.000000000000000000e+00	0.000000000000000000e+00	0.000000000000000000e+00	0.000000000000000000e+00	0.000000000000000000e+00	1.539344102715903375e+02
1.000000000000000000e+03	1.939692620785907096e+00	-9.896621150257482751e-19	3.420201433256668810e-01	4.079874118373102195e-18	-1.368062312635278943e-01	-1.863282715916788154e-17	0.000000000000000000e+00	0.000000000000000000e+00	0.000000000000000000e+00	0.000000000000000000e+00	0.000000000000000000e+00	0.000000000000000000e+00	2.192644144570184039e+02
1.000000000000000000e+04	1.939692620785907096e+00	-9.896621150257482751e-19	3.420201433256668810e-01	4.079874118373102195e-18	-1.368062312635278943e-01	-1.863282715916788154e-17	0.000000000000000000e+00	0.000000000000000000e+00	0.000000000000000000e+00	0.000000000000000000e+00	0.000000000000000000e+00	0.000000000000000000e+00	3.104266064343532321e+02
1.000000000000000000e+05	1.939692620785907096e+00	-9.896621150257482751e-19	3.420201433256668810e-01	4.079874118373102195e-18	-1.368062312635278943e-01	-1.863282715916788154e-17	0.000000000000000000e+00	0.000000000000000000e+00	0.000000000000000000e+00	0.000000000000000000e+00	0.000000000000000000e+00	0.000000000000000000e+00	4.000000000000000000e+02
AOA 20
1.000000000000000048e-04	9.131066499425336547e-01	-7.548791671042170920e-18	2.770506131950530859e-01	1.297360144286327215e-19	-2.234425150209537747e-01	-9.218272277767404434e-18	0.000000000000000000e+00	0.000000000000000000e+00	0.000000000000000000e+00	0.000000000000000000e+00	0.000000000000000000e+00	0.000000000000000000e+00	4.488687842826759322e+01
1.000000000000000021e-03	9.131066499425336547e-01	-7.548791671042170920e-18	2.770506131950530859e-01	1.297360144286327215e-19	-2.234425150209537747e-01	-9.218272277767404434e-18	0.000000000000000000e+00	0.000000000000000000e+00	0.000000000000000000e+00	0.000000000000000000e+00	0.000000000000000000e+00	0.000000000000000000e+00	6.282906385181639308e+01
1.000000000000000021e-02	1.038016497788087023e+00	-1.024120661593205998e-17	3.306115562658311080e-01	4.632053750571629908e-19	-2.283732401141089219e-01	-1.136551768344566233e-17	0.000000000000000000e+00	0.000000000000000000e+00	0.000000000000000000e+00	0.000000000000000000e+00	0.000000000000000000e+00	0.000000000000000000e+00	7.861872696558826590e+01
1.000000000000000056e-01	1.339575546530764161e+00	-9.803345423212133303e-19	4.599191114407960579e-01	2.312252209831332728e-18	-2.402770635063437854e-01	2.751191878395396354e-18	0.000000000000000000e+00	0.000000000000000000e+00	0.000000000000000000e+00	0.000000000000000000e+00	0.000000000000000000e+00	0.000000000000000000e+00	9.327859555343430031e+01
1.000000000000000000e+00	1.641134595273446850e+00	-1.270646758615043541e-18	5.892266666157647270e-01	3.319548648255989925e-18	-2.521808868985787044e-01	-9.699811742174909501e-18	0.000000000000000000e+00	0.000000000000000000e+00	0.000000000000000000e+00	0.000000000000000000e+00	0.000000000000000000e+00	0.000000000000000000e+00	1.060762768763438828e+02
1.000000000000000000e+01	1.766044443118966800e+00	3.560564136002150250e-19	6.427876096865411393e-01	9.341488142960142370e-18	-2.571116119917385423e-01	-1.812917893995555333e-17	0.000000000000000000e+00	0.000000000000000000e+00	0.000000000000000000e+00	0.000000000000000000e+00	0.000000000000000000e+00	0.000000000000000000e+00	1.206916703693729289e+02
1.000000000000000000e+02	1.766044443118966800e+00	3.560564136002150250e-19	6.427876096865411393e-01	9.341488142960142370e-18	-2.571116119917385423e-01	-1.812917893995555333e-17	0.000000000000000000e+00	0.000000000000000000e+00	0.000000000000000000e+00	0.000000000000000000e+00	0.000000000000000000e+00	0.000000000000000000e+00	1.539344102715903375e+02
1.000000000000000000e+03	1.766044443118966800e+00	3.560564136002150250e-19	6.427876096865411393e-01	9.341488142960142370e-18	-2.571116119917385423e-01	-1.812917893995555333e-17	0.000000000000000000e+00	0.000000000000000000e+00	0.000000000000000000e+00	0.000000000000000000e+00	0.000000000000000000e+00	0.000000000000000000e+00	2.192644144570184039e+02
1.000000000000000000e+04	1.766044443118966800e+00	3.560564136002150250e-19	6.427876096865411393e-01	9.341488142960142370e-18	-2.571116119917385423e-01	-1.812917893995555333e-17	0.000000000000000000e+00	0.000000000000000000e+00	0.000000000000000000e+00	0.000000000000000000e+00	0.000000000000000000e+00	0.000000000000000000e+00	3.104266064343532321e+02
1.000000000000000000e+05	1.766044443118966800e+00	3.560564136002150250e-19	6.427876096865411393e-01	9.341488142960142370e-18	-2.571116119917385423e-01	-1.812917893995555333e-17	0.000000000000000000e+00	0.000000000000000000e+00	0.000000000000000000e+00	0.000000000000000000e+00	0.000000000000000000e+00	0.000000000000000000e+00	4.000000000000000000e+02
AOA 30
1.000000000000000048e-04	8.404821997577087700e-01	-1.225687796862551171e-17	3.732692814007034232e-01	2.478119868618068626e-19	-3.010432861143612082e-01	-8.895268762448149782e-18	0.000000000000000000e+00	0.000000000000000000e+00	0.000000000000000000e+00	0.000000000000000000e+00	0.000000000000000000e+00	0.000000000000000000e+00	4.488687842826759322e+01
1.000000000000000021e-03	8.404821997577087700e-01	-1.225687796862551171e-17	3.732692814007034232e-01	2.478119868618068626e-19	-3.010432861143612082e-01	-8.895268762448149782e-18	0.000000000000000000e+00	0.000000000000000000e+00	0.000000000000000000e+00	0.000000000000000000e+00	0.000000000000000000e+00	0.000000000000000000e+00	6.282906385181639308e+01
1.000000000000000021e-02	9.370663454465751885e-01	-2.294457358403059707e-18	4.454317447882099046e-01	4.966381262254332009e-19	-3.076864340615231841e-01	-1.223638692758689457e-17	0.000000000000000000e+00	0.000000000000000000e+00	0.000000000000000000e+00	0.000000000000000000e+00	0.000000000000000000e+00	0.000000000000000000e+00	7.861872696558826590e+01
1.000000000000000056e-01	1.170241099878853497e+00	-1.049950158060304966e-17	6.196473425925771439e-01	6.670373095991974228e-19	-3.237244119324204084e-01	-1.010424018372656558e-17	0.000000000000000000e+00	0.000000000000000000e+00	0.000000000000000000e+00	0.000000000000000000e+00	0.000000000000000000e+00	0.000000000000000000e+00	9.327859555343430031e+01
1.000000000000000000e+00	1.403415854311131472e+00	-3.164787364622222892e-18	7.938629403969400533e-01	1.266130641017716702e-18	-3.397623898033184653e-01	-1.391341686522109408e-17	0.000000000000000000e+00	0.000000000000000000e+00	0.000000000000000000e+00	0.000000000000000000e+00	0.000000000000000000e+00	0.000000000000000000e+00	1.060762768763438828e+02
1.000000000000000000e+01	1.500000000000003109e+00	-1.737960516775516901e-18	8.660254037844389297e-01	6.092849281456209811e-18	-3.464055377504799416e-01	-1.622998297842897577e-17	0.000000000000000000e+00	0.000000000000000000e+00	0.000000000000000000e+00	0.000000000000000000e+00	0.000000000000000000e+00	0.000000000000000000e+00	1.206916703693729289e+02
1.000000000000000000e+02	1.500000000000003109e+00	-1.737960516775516901e-18	8.660254037844389297e-01	6.092849281456209811e-18	-3.464055377504799416e-01	-1.622998297842897577e-17	0.000000000000000000e+00	0.000000000000000000e+00	0.000000000000000000e+00	0.000000000000000000e+00	0.000000000000000000e+00	0.000000000000000000e+00	1.539344102715903375e+02
1.000000000000000000e+03	1.500000000000003109e+00	-1.737960516775516901e-18	8.660254037844389297e-01	6.092849281456209811e-18	-3.464055377504799416e-01	-1.622998297842897577e-17	0.000000000000000000e+00	0.000000000000000000e+00	0.000000000000000000e+00	0.000000000000000000e+00	0.000000000000000000e+00	0.000000000000000000e+00	2.192644144570184039e+02
1.000000000000000000e+04	1.500000000000003109e+00	-1.737960516775516901e-18	8.660254037844389297e-01	6.092849281456209811e-18	-3.464055377504799416e-01	-1.622998297842897577e-17	0.000000000000000000e+00	0.000000000000000000e+00	0.000000000000000000e+00	0.000000000000000000e+00	0.000000000000000000e+00	0.000000000000000000e+00	3.104266064343532321e+02
1.000000000000000000e+05	1.500000000000003109e+00	-1.737960516775516901e-18	8.660254037844389297e-01	6.092849281456209811e-18	-3.464055377504799416e-01	-1.622998297842897577e-17	0.000000000000000000e+00	0.000000000000000000e+00	0.000000000000000000e+00	0.000000000000000000e+00	0.000000000000000000e+00	0.000000000000000000e+00	4.000000000000000000e+02
AOA 40
1.000000000000000048e-04	7.513951232305949857e-01	-9.403770122959097560e-18	4.244661654015496333e-01	2.562862958774139408e-20	-3.423337939766573079e-01	-6.433108410281669586e-18	0.000000000000000000e+00	0.000000000000000000e+00	0.000000000000000000e+00	0.000000000000000000e+00	0.000000000000000000e+00	0.000000000000000000e+00	4.488687842826759322e+01
1.000000000000000021e-03	7.513951232305949857e-01	-9.403770122959097560e-18	4.244661654015496333e-01	2.562862958774139408e-20	-3.423337939766573079e-01	-6.433108410281669586e-18	0.000000000000000000e+00	0.000000000000000000e+00	0.000000000000000000e+00	0.000000000000000000e+00	0.000000000000000000e+00	0.000000000000000000e+00	6.282906385181639308e+01
1.000000000000000021e-02	8.132326513644245747e-01	-4.058843839412416387e-18	5.065262910167155352e-01	1.973071556850010678e-18	-3.498881030929807401e-01	-6.553897704825097740e-18	0.000000000000000000e+00	0.000000000000000000e+00	0.000000000000000000e+00	0.000000000000000000e+00	0.000000000000000000e+00	0.000000000000000000e+00	7.861872696558826590e+01
1.000000000000000056e-01	9.625216504487678071e-01	-5.237887556016010250e-18	7.046369592068758569e-01	2.029691538667242528e-18	-3.681258186159611090e-01	-8.899582665824700678e-18	0.000000000000000000e+00	0.000000000000000000e+00	0.000000000000000000e+00	0.000000000000000000e+00	0.000000000000000000e+00	0.000000000000000000e+00	9.327859555343430031e+01
1.000000000000000000e+00	1.111810649533089501e+00	2.357211171583825175e-18	9.027476273970412857e-01	6.128438984312755854e-18	-3.863635341389439204e-01	-4.981479924072260143e-18	0.000000000000000000e+00	0.000000000000000000e+00	0.000000000000000000e+00	0.000000000000000000e+00	0.000000000000000000e+00	0.000000000000000000e+00	1.060762768763438828e+02
1.000000000000000000e+01	1.173648177666945625e+00	1.574502443730747124e-19	9.848077530122142376e-01	7.122254474685691696e-18	-3.939178432552660203e-01	-1.465810443559820839e-17	0.000000000000000000e+00	0.000000000000000000e+00	0.000000000000000000e+00	0.000000000000000000e+00	0.000000000000000000e+00	0.000000000000000000e+00	1.206916703693729289e+02
1.000000000000000000e+02	1.173648177666945625e+00	1.574502443730747124e-19	9.848077530122142376e-01	7.122254474685691696e-18	-3.939178432552660203e-01	-1.465810443559820839e-17	0.000000000000000000e+00	0.000000000000000000e+00	0.000000000000000000e+00	0.000000000000000000e+00	0.000000000000000000e+00	0.000000000000000000e+00	1.539344102715903375e+02
1.000000000000000000e+03	1.173648177666945625e+00	1.574502443730747124e-19	9.848077530122142376e-01	7.122254474685691696e-18	-3.939178432552660203e-01	-1.465810443559820839e-17	0.000000000000000000e+00	0.000000000000000000e+00	0.000000000000000000e+00	0.000000000000000000e+00	0.000000000000000000e+00	0.000000000000000000e+00	2.192644144570184039e+02
1.000000000000000000e+04	1.173648177666945625e+00	1.574502443730747124e-19	9.848077530122142376e-01	7.122254474685691696e-18	-3.939178432552660203e-01	-1.465810443559820839e-17	0.000000000000000000e+00	0.000000000000000000e+00	0.000000000000000000e+00	0.000000000000000000e+00	0.000000000000000000e+00	0.000000000000000000e+00	3.104266064343532321e+02
1.000000000000000000e+05	1.173648177666945625e+00	1.574502443730747124e-19	9.848077530122142376e-01	7.122254474685691696e-18	-3.939178432552660203e-01	-1.465810443559820839e-17	0.000000000000000000e+00	0.000000000000000000e+00	0.000000000000000000e+00	0.000000000000000000e+00	0.000000000000000000e+00	0.000000000000000000e+00	4.000000000000000000e+02
AOA 50
1.000000000000000048e-04	6.553981353304653146e-01	-8.703839300113699753e-18	4.256307628684161126e-01	-6.016071022661765683e-20	-3.433252316470691845e-01	-6.878518933910559940e-18	0.000000000000000000e+00	0.000000000000000000e+00	0.000000000000000000e+00	0.000000000000000000e+00	0.000000000000000000e+00	0.000000000000000000e+00	4.488687842826759322e+01
1.000000000000000021e-03	6.553981353304653146e-01	-8.703839300113699753e-18	4.256307628684161126e-01	-6.016071022661765683e-20	-3.433252316470691845e-01	-6.878518933910559940e-18	0.000000000000000000e+00	0.000000000000000000e+00	0.000000000000000000e+00	0.000000000000000000e+00	0.000000000000000000e+00	0.000000000000000000e+00	6.282906385181639308e+01
1.000000000000000021e-02	6.829234532865394725e-01	-5.283992398352898427e-18	5.104874819590203838e-01	3.412297570851836103e-18	-3.493585902045987512e-01	-5.906812198342448016e-18	0.000000000000000000e+00	0.000000000000000000e+00	0.000000000000000000e+00	0.000000000000000000e+00	0.000000000000000000e+00	0.000000000000000000e+00	7.861872696558826590e+01
1.000000000000000056e-01	7.493754492047383087e-01	-1.520381321273190976e-18	7.153497240460386930e-01	7.071835728972251853e-18	-3.639244062608469332e-01	-7.580067470522164527e-18	0.000000000000000000e+00	0.000000000000000000e+00	0.000000000000000000e+00	0.000000000000000000e+00	0.000000000000000000e+00	0.000000000000000000e+00	9.327859555343430031e+01
1.000000000000000000e+00	8.158274451229333701e-01	1.677973603997819486e-18	9.202119661330530054e-01	6.022209113665187165e-18	-3.784902223170950042e-01	-2.536575185411984299e-18	0.000000000000000000e+00	0.000000000000000000e+00	0.000000000000000000e+00	0.000000000000000000e+00	0.000000000000000000e+00	0.000000000000000000e+00	1.060762768763438828e+02
1.000000000000000000e+01	8.433527630790111917e-01	3.259264879987751096e-18	1.005068685223669211e+00	1.250169198524478003e-17	-3.845235808746246264e-01	-8.132786340642761679e-18	0.000000000000000000e+00	0.000000000000000000e+00	0.000000000000000000e+00	0.000000000000000000e+00	0.000000000000000000e+00	0.000000000000000000e+00	1.206916703693729289e+02
1.000000000000000000e+02	8.433527630790111917e-01	3.259264879987751096e-18	1.005068685223669211e+00	1.250169198524478003e-17	-3.845235808746246264e-01	-8.132786340642761679e-18	0.000000000000000000e+00	0.000000000000000000e+00	0.000000000000000000e+00	0.000000000000000000e+00	0.000000000000000000e+00	0.000000000000000000e+00	1.539344102715903375e+02
1.000000000000000000e+03	8.433527630790111917e-01	3.259264879987751096e-18	1.005068685223669211e+00	1.250169198524478003e-17	-3.845235808746246264e-01	-8.132786340642761679e-18	0.000000000000000000e+00	0.000000000000000000e+00	0.000000000000000000e+00	0.000000000000000000e+00	0.000000000000000000e+00	0.000000000000000000e+00	2.192644144570184039e+02
1.000000000000000000e+04	8.433527630790111917e-01	3.259264879987751096e-18	1.005068685223669211e+00	1.250169198524478003e-17	-3.845235808746246264e-01	-8.132786340642761679e-18	0.000000000000000000e+00	0.000000000000000000e+00	0.000000000000000000e+00	0.000000000000000000e+00	0.000000000000000000e+00	0.000000000000000000e+00	3.104266064343532321e+02
1.000000000000000000e+05	8.433527630790111917e-01	3.259264879987751096e-18	1.005068685223669211e+00	1.250169198524478003e-17	-3.845235808746246264e-01	-8.132786340642761679e-18	0.000000000000000000e+00	0.000000000000000000e+00	0.000000000000000000e+00	0.000000000000000000e+00	0.000000000000000000e+00	0.000000000000000000e+00	4.000000000000000000e+02
AOA 60
1.000000000000000048e-04	5.500350603572282671e-01	-6.732385457029895083e-18	3.896254653520224154e-01	-1.513275008838531140e-19	-3.148135195907455497e-01	-1.779485142827284815e-18	0.000000000000000000e+00	0.000000000000000000e+00	0.000000000000000000e+00	0.000000000000000000e+00	0.000000000000000000e+00	0.000000000000000000e+00	4.488687842826759322e+01
1.000000000000000021e-03	5.500350603572282671e-01	-6.732385457029895083e-18	3.896254653520224154e-01	-1.513275008838531140e-19	-3.148135195907455497e-01	-1.779485142827284815e-18	0.000000000000000000e+00	0.000000000000000000e+00	0.000000000000000000e+00	0.000000000000000000e+00	0.000000000000000000e+00	0.000000000000000000e+00	6.282906385181639308e+01
1.000000000000000021e-02	5.523367099472843433e-01	-3.814029822793147293e-18	4.760707366563239340e-01	1.058524041021200044e-18	-3.150863492701208579e-01	-2.598048308527836099e-18	0.000000000000000000e+00	0.000000000000000000e+00	0.000000000000000000e+00	0.000000000000000000e+00	0.000000000000000000e+00	0.000000000000000000e+00	7.861872696558826590e+01
1.000000000000000056e-01	5.578933836034367655e-01	-3.196332783063251989e-18	6.847680830422114839e-01	2.522554999438193503e-18	-3.157450183822816392e-01	-3.984429006166911515e-18	0.000000000000000000e+00	0.000000000000000000e+00	0.000000000000000000e+00	0.000000000000000000e+00	0.000000000000000000e+00	0.000000000000000000e+00	9.327859555343430031e+01
1.000000000000000000e+00	5.634500572595836365e-01	-1.962489012629408997e-18	8.934654294280868214e-01	-3.451122701240795318e-19	-3.164036874944416433e-01	-3.910553410843476083e-18	0.000000000000000000e+00	0.000000000000000000e+00	0.000000000000000000e+00	0.000000000000000000e+00	0.000000000000000000e+00	0.000000000000000000e+00	1.060762768763438828e+02
1.000000000000000000e+01	5.657517068496490387e-01	2.364531269753717604e-19	9.799107007324017182e-01	6.273493985349282602e-18	-3.166765171738158413e-01	-3.804323540195907393e-18	0.000000000000000000e+00	0.000000000000000000e+00	0.000000000000000000e+00	0.000000000000000000e+00	0.000000000000000000e+00	0.000000000000000000e+00	1.206916703693729289e+02
1.000000000000000000e+02	5.657517068496490387e-01	2.364531269753717604e-19	9.799107007324017182e-01	6.273493985349282602e-18	-3.166765171738158413e-01	-3.804323540195907393e-18	0.000000000000000000e+00	0.000000000000000000e+00	0.000000000000000000e+00	0.000000000000000000e+00	0.000000000000000000e+00	0.000000000000000000e+00	1.539344102715903375e+02
1.000000000000000000e+03	5.657517068496490387e-01	2.364531269753717604e-19	9.799107007324017182e-01	6.273493985349282602e-18	-3.166765171738158413e-01	-3.804323540195907393e-18	0.000000000000000000e+00	0.000000000000000000e+00	0.000000000000000000e+00	0.000000000000000000e+00	0.000000000000000000e+00	0.000000000000000000e+00	2.192644144570184039e+02
1.000000000000000000e+04	5.657517068496490387e-01	2.364531269753717604e-19	9.799107007324017182e-01	6.273493985349282602e-18	-3.166765171738158413e-01	-3.804323540195907393e-18	0.000000000000000000e+00	0.000000000000000000e+00	0.000000000000000000e+00	0.000000000000000000e+00	0.000000000000000000e+00	0.000000000000000000e+00	3.104266064343532321e+02
1.000000000000000000e+05	5.657517068496490387e-01	2.364531269753717604e-19	9.799107007324017182e-01	6.273493985349282602e-18	-3.166765171738158413e-01	-3.804323540195907393e-18	0.000000000000000000e+00	0.000000000000000000e+00	0.000000000000000000e+00	0.000000000000000000e+00	0.000000000000000000e+00	0.000000000000000000e+00	4.000000000000000000e+02
AOA 70
1.000000000000000048e-04	4.363721214404906457e-01	-7.407511335460125627e-18	3.297493329758974245e-01	-2.778156222299575961e-19	-2.673739019340211631e-01	-1.878704920487957721e-18	0.000000000000000000e+00	0.000000000000000000e+00	0.000000000000000000e+00	0.000000000000000000e+00	0.000000000000000000e+00	0.000000000000000000e+00	4.488687842826759322e+01
1.000000000000000021e-03	4.363721214404906457e-01	-7.407511335460125627e-18	3.297493329758974245e-01	-2.778156222299575961e-19	-2.673739019340211631e-01	-1.878704920487957721e-18	0.000000000000000000e+00	0.000000000000000000e+00	0.000000000000000000e+00	0.000000000000000000e+00	0.000000000000000000e+00	0.000000000000000000e+00	6.282906385181639308e+01
1.000000000000000021e-02	4.203242216504021744e-01	-1.219756179719793613e-18	4.129455613133731218e-01	2.369950667492702303e-18	-2.616003310289867767e-01	-4.133258672657921260e-18	0.000000000000000000e+00	0.000000000000000000e+00	0.000000000000000000e+00	0.000000000000000000e+00	0.000000000000000000e+00	0.000000000000000000e+00	7.861872696558826590e+01
1.000000000000000056e-01	3.815811643295644040e-01	-3.171797457609118290e-18	6.137990241040038875e-01	4.138111813956540825e-18	-2.476616978467272023e-01	-1.495845995819057084e-18	0.000000000000000000e+00	0.000000000000000000e+00	0.000000000000000000e+00	0.000000000000000000e+00	0.000000000000000000e+00	0.000000000000000000e+00	9.327859555343430031e+01
1.000000000000000000e+00	3.428381070087258564e-01	-1.571204495428182320e-19	8.146524868946218856e-01	3.828589246689006758e-18	-2.337230646644678500e-01	-3.977418913180016503e-18	0.000000000000000000e+00	0.000000000000000000e+00	0.000000000000000000e+00	0.000000000000000000e+00	0.000000000000000000e+00	0.000000000000000000e+00	1.060762768763438828e+02
1.000000000000000000e+01	3.267902072186349982e-01	-6.290913428446771733e-19	8.978487152321008580e-01	1.979003173992768351e-18	-2.279494937594318260e-01	-3.751208604872123434e-18	0.000000000000000000e+00	0.000000000000000000e+00	0.000000000000000000e+00	0.000000000000000000e+00	0.000000000000000000e+00	0.000000000000000000e+00	1.206916703693729289e+02
1.000000000000000000e+02	3.267902072186349982e-01	-6.290913428446771733e-19	8.978487152321008580e-01	1.979003173992768351e-18	-2.279494937594318260e-01	-3.751208604872123434e-18	0.000000000000000000e+00	0.000000000000000000e+00	0.000000000000000000e+00	0.000000000000000000e+00	0.000000000000000000e+00	0.000000000000000000e+00	1.539344102715903375e+02
1.000000000000000000e+03	3.267902072186349982e-01	-6.290913428446771733e-19	8.978487152321008580e-01	1.979003173992768351e-18	-2.279494937594318260e-01	-3.751208604872123434e-18	0.000000000000000000e+00	0.000000000000000000e+00	0.000000000000000000e+00	0.000000000000000000e+00	0.000000000000000000e+00	0.000000000000000000e+00	2.192644144570184039e+02
1.000000000000000000e+04	3.267902072186349982e-01	-6.290913428446771733e-19	8.978487152321008580e-01	1.979003173992768351e-18	-2.279494937594318260e-01	-3.751208604872123434e-18	0.000000000000000000e+00	0.000000000000000000e+00	0.000000000000000000e+00	0.000000000000000000e+00	0.000000000000000000e+00	0.000000000000000000e+00	3.104266064343532321e+02
1.000000000000000000e+05	3.267902072186349982e-01	-6.290913428446771733e-19	8.978487152321008580e-01	1.979003173992768351e-18	-2.279494937594318260e-01	-3.751208604872123434e-18	0.000000000000000000e+00	0.000000000000000000e+00	0.000000000000000000e+00	0.000000000000000000e+00	0.000000000000000000e+00	0.000000000000000000e+00	4.000000000000000000e+02
AOA 80
1.000000000000000048e-04	3.218920828781730026e-01	-2.506377861776127645e-18	2.562743994121340907e-01	-1.135816746117738550e-19	-2.088531413437316464e-01	-3.149688702804294373e-18	0.000000000000000000e+00	0.000000000000000000e+00	0.000000000000000000e+00	0.000000000000000000e+00	0.000000000000000000e+00	0.000000000000000000e+00	4.488687842826759322e+01
1.000000000000000021e-03	3.218920828781730026e-01	-2.506377861776127645e-18	2.562743994121340907e-01	-1.135816746117738550e-19	-2.088531413437316464e-01	-3.149688702804294373e-18	0.000000000000000000e+00	0.000000000000000000e+00	0.000000000000000000e+00	0.000000000000000000e+00	0.000000000000000000e+00	0.000000000000000000e+00	6.282906385181639308e+01
1.000000000000000021e-02	2.945515007684247344e-01	-3.496688305655615210e-18	3.310319846963501456e-01	4.934026986930199330e-19	-1.983205305143234676e-01	-7.069409158322941686e-19	0.000000000000000000e+00	0.000000000000000000e+00	0.000000000000000000e+00	0.000000000000000000e+00	0.000000000000000000e+00	0.000000000000000000e+00	7.861872696558826590e+01
1.000000000000000056e-01	2.285454966358921869e-01	-1.411185642054243835e-18	5.115127609797752717e-01	3.640395211886970285e-18	-1.728925586027691697e-01	-1.169876671928422632e-18	0.000000000000000000e+00	0.000000000000000000e+00	0.000000000000000000e+00	0.000000000000000000e+00	0.000000000000000000e+00	0.000000000000000000e+00	9.327859555343430031e+01
1.000000000000000000e+00	1.625394925033604998e-01	-1.037898190502065738e-18	6.919935372631911275e-01	1.446236106988720631e-18	-1.474645866912146497e-01	-1.818310273216244029e-18	0.000000000000000000e+00	0.000000000000000000e+00	0.000000000000000000e+00	0.000000000000000000e+00	0.000000000000000000e+00	0.000000000000000000e+00	1.060762768763438828e+02
1.000000000000000000e+01	1.351989103936104553e-01	-8.067376415614475678e-19	7.667511225474044068e-01	3.240819911633934158e-18	-1.369319758618070260e-01	-1.632273190102482234e-18	0.000000000000000000e+00	0.000000000000000000e+00	0.000000000000000000e+00	0.000000000000000000e+00	0.000000000000000000e+00	0.000000000000000000e+00	1.206916703693729289e+02
1.000000000000000000e+02	1.351989103936104553e-01	-8.067376415614475678e-19	7.667511225474044068e-01	3.240819911633934158e-18	-1.369319758618070260e-01	-1.632273190102482234e-18	0.000000000000000000e+00	0.000000000000000000e+00	0.000000000000000000e+00	0.000000000000000000e+00	0.000000000000000000e+00	0.000000000000000000e+00	1.539344102715903375e+02
1.000000000000000000e+03	1.351989103936104553e-01	-8.067376415614475678e-19	7.667511225474044068e-01	3.240819911633934158e-18	-1.369319758618070260e-01	-1.632273190102482234e-18	0.000000000000000000e+00	0.000000000000000000e+00	0.000000000000000000e+00	0.000000000000000000e+00	0.000000000000000000e+00	0.000000000000000000e+00	2.192644144570184039e+02
1.000000000000000000e+04	1.351989103936104553e-01	-8.067376415614475678e-19	7.667511225474044068e-01	3.240819911633934158e-18	-1.369319758618070260e-01	-1.632273190102482234e-18	0.000000000000000000e+00	0.000000000000000000e+00	0.000000000000000000e+00	0.000000000000000000e+00	0.000000000000000000e+00	0.000000000000000000e+00	3.104266064343532321e+02
1.000000000000000000e+05	1.351989103936104553e-01	-8.067376415614475678e-19	7.667511225474044068e-01	3.240819911633934158e-18	-1.369319758618070260e-01	-1.632273190102482234e-18	0.000000000000000000e+00	0.000000000000000000e+00	0.000000000000000000e+00	0.000000000000000000e+00	0.000000000000000000e+00	0.000000000000000000e+00	4.000000000000000000e+02
AOA 90
1.000000000000000048e-04	2.155071200969155276e-01	-8.878552386864014870e-19	1.794203053122876979e-01	-7.780223130693947933e-20	-1.471566132408405059e-01	-1.012688817645345816e-18	0.000000000000000000e+00	0.000000000000000000e+00	0.000000000000000000e+00	0.000000000000000000e+00	0.000000000000000000e+00	0.000000000000000000e+00	4.488687842826759322e+01
1.000000000000000021e-03	2.155071200969155276e-01	-8.878552386864014870e-19	1.794203053122876979e-01	-7.780223130693947933e-20	-1.471566132408405059e-01	-1.012688817645345816e-18	0.000000000000000000e+00	0.000000000000000000e+00	0.000000000000000000e+00	0.000000000000000000e+00	0.000000000000000000e+00	0.000000000000000000e+00	6.282906385181639308e+01
1.000000000000000021e-02	1.839468330557150200e-01	2.005965070096212122e-19	2.413644885730255596e-01	6.522082667423034308e-19	-1.340314492217044295e-01	-3.308224651892543536e-19	0.000000000000000000e+00	0.000000000000000000e+00	0.000000000000000000e+00	0.000000000000000000e+00	0.000000000000000000e+00	0.000000000000000000e+00	7.861872696558826590e+01
1.000000000000000056e-01	1.077535600484577638e-01	-4.644186603818179783e-19	3.909109759112213700e-01	1.921843954253467831e-18	-1.023445002383329694e-01	-3.898690176557960831e-19	0.000000000000000000e+00	0.000000000000000000e+00	0.000000000000000000e+00	0.000000000000000000e+00	0.000000000000000000e+00	0.000000000000000000e+00	9.327859555343430031e+01
1.000000000000000000e+00	3.156028704120143052e-02	-1.129433827773257024e-18	5.404574632494163478e-01	4.227625309019973831e-19	-7.065755125496141209e-02	-5.130848828485338750e-19	0.000000000000000000e+00	0.000000000000000000e+00	0.000000000000000000e+00	0.000000000000000000e+00	0.000000000000000000e+00	0.000000000000000000e+00	1.060762768763438828e+02
1.000000000000000000e+01	3.174533858585532589e-17	-3.314355573598157043e-19	6.024016465101562634e-01	2.651432862812654779e-18	-5.753238723582461411e-02	-3.789627328915264200e-20	0.000000000000000000e+00	0.000000000000000000e+00	0.000000000000000000e+00	0.000000000000000000e+00	0.000000000000000000e+00	0.000000000000000000e+00	1.206916703693729289e+02
1.000000000000000000e+02	3.174533858585532589e-17	-3.314355573598157043e-19	6.024016465101562634e-01	2.651432862812654779e-18	-5.753238723582461411e-02	-3.789627328915264200e-20	0.000000000000000000e+00	0.000000000000000000e+00	0.000000000000000000e+00	0.000000000000000000e+00	0.000000000000000000e+00	0.000000000000000000e+00	1.539344102715903375e+02
1.000000000000000000e+03	3.174533858585532589e-17	-3.314355573598157043e-19	6.024016465101562634e-01	2.651432862812654779e-18	-5.753238723582461411e-02	-3.789627328915264200e-20	0.000000000000000000e+00	0.000000000000000000e+00	0.000000000000000000e+00	0.000000000000000000e+00	0.000000000000000000e+00	0.000000000000000000e+00	2.192644144570184039e+02
1.000000000000000000e+04	3.174533858585532589e-17	-3.314355573598157043e-19	6.024016465101562634e-01	2.651432862812654779e-18	-5.753238723582461411e-02	-3.789627328915264200e-20	0.000000000000000000e+00	0.000000000000000000e+00	0.000000000000000000e+00	0.000000000000000000e+00	0.000000000000000000e+00	0.000000000000000000e+00	3.104266064343532321e+02
1.000000000000000000e+05	3.174533858585532589e-17	-3.314355573598157043e-19	6.024016465101562634e-01	2.651432862812654779e-18	-5.753238723582461411e-02	-3.789627328915264200e-20	0.000000000000000000e+00	0.000000000000000000e+00	0.000000000000000000e+00	0.000000000000000000e+00	0.000000000000000000e+00	0.000000000000000000e+00	4.000000000000000000e+02
AOA 100
1.000000000000000048e-04	7.013214847058685253e-02	-1.397165456080453232e-18	1.088588472056360862e-01	-7.245927887165636914e-20	-8.996186238802567070e-02	-3.781405928507980472e-19	0.000000000000000000e+00	0.000000000000000000e+00	0.000000000000000000e+00	0.000000000000000000e+00	0.000000000000000000e+00	0.000000000000000000e+00	4.488687842826759322e+01
1.000000000000000021e-03	7.013214847058685253e-02	-1.397165456080453232e-18	1.088588472056360862e-01	-7.245927887165636914e-20	-8.996186238802567070e-02	-3.781405928507980472e-19	0.000000000000000000e+00	0.000000000000000000e+00	0.000000000000000000e+00	0.000000000000000000e+00	0.000000000000000000e+00	0.000000000000000000e+00	6.282906385181639308e+01
1.000000000000000021e-02	4.006211109405096588e-02	-1.362923848029079585e-19	2.052049402843094117e-01	3.066915681766722044e-19	-9.684074367099197722e-02	1.070387275306715391e-18	0.000000000000000000e+00	0.000000000000000000e+00	0.000000000000000000e+00	0.000000000000000000e+00	0.000000000000000000e+00	0.000000000000000000e+00	7.861872696558826590e+01
1.000000000000000056e-01	-3.253338096150941439e-02	-9.026842815432954790e-19	4.378049848765434571e-01	1.899195961526575245e-18	-1.134478321582851751e-01	-5.079621225888794940e-19	0.000000000000000000e+00	0.000000000000000000e+00	0.000000000000000000e+00	0.000000000000000000e+00	0.000000000000000000e+00	0.000000000000000000e+00	9.327859555343430031e+01
1.000000000000000000e+00	-1.051288730170559793e-01	-5.638406522632666356e-20	6.704050294687325939e-01	3.180425264362220081e-18	-1.300549206455781925e-01	-3.833981625909695955e-19	0.000000000000000000e+00	0.000000000000000000e+00	0.000000000000000000e+00	0.000000000000000000e+00	0.000000000000000000e+00	0.000000000000000000e+00	1.060762768763438828e+02
1.000000000000000000e+01	-1.351989103936084013e-01	-2.647858227108743589e-19	7.667511225474381575e-01	9.630789288150093633e-19	-1.369338019285449293e-01	2.844480038913311683e-20	0.000000000000000000e+00	0.000000000000000000e+00	0.000000000000000000e+00	0.000000000000000000e+00	0.000000000000000000e+00	0.000000000000000000e+00	1.206916703693729289e+02
1.000000000000000000e+02	-1.351989103936084013e-01	-2.647858227108743589e-19	7.667511225474381575e-01	9.630789288150093633e-19	-1.369338019285449293e-01	2.844480038913311683e-20	0.000000000000000000e+00	0.000000000000000000e+00	0.000000000000000000e+00	0.000000000000000000e+00	0.000000000000000000e+00	0.000000000000000000e+00	1.539344102715903375e+02
1.000000000000000000e+03	-1.351989103936084013e-01	-2.647858227108743589e-19	7.667511225474381575e-01	9.630789288150093633e-19	-1.369338019285449293e-01	2.844480038913311683e-20	0.000000000000000000e+00	0.000000000000000000e+00	0.000000000000000000e+00	0.000000000000000000e+00	0.000000000000000000e+00	0.000000000000000000e+00	2.192644144570184039e+02
1.000000000000000000e+04	-1.351989103936084013e-01	-2.647858227108743589e-19	7.667511225474381575e-01	9.630789288150093633e-19	-1.369338019285449293e-01	2.844480038913311683e-20	0.000000000000000000e+00	0.000000000000000000e+00	0.000000000000000000e+00	0.000000000000000000e+00	0.000000000000000000e+00	0.000000000000000000e+00	3.104266064343532321e+02
1.000000000000000000e+05	-1.351989103936084013e-01	-2.647858227108743589e-19	7.667511225474381575e-01	9.630789288150093633e-19	-1.369338019285449293e-01	2.844480038913311683e-20	0.000000000000000000e+00	0.000000000000000000e+00	0.000000000000000000e+00	0.000000000000000000e+00	0.000000000000000000e+00	0.000000000000000000e+00	4.000000000000000000e+02
AOA 110
1.000000000000000048e-04	-1.566151461289574109e-01	-7.630216597274570853e-20	5.269871978084608027e-02	4.078593737891117796e-21	-4.393138691307074684e-02	3.311999317347025473e-18	0.000000000000000000e+00	0.000000000000000000e+00	0.000000000000000000e+00	0.000000000000000000e+00	0.000000000000000000e+00	0.000000000000000000e+00	4.488687842826759322e+01
1.000000000000000021e-03	-1.566151461289574109e-01	-7.630216597274570853e-20	5.269871978084608027e-02	4.078593737891117796e-21	-4.393138691307074684e-02	3.311999317347025473e-18	0.000000000000000000e+00	0.000000000000000000e+00	0.000000000000000000e+00	0.000000000000000000e+00	0.000000000000000000e+00	0.000000000000000000e+00	6.282906385181639308e+01
1.000000000000000021e-02	-1.815367068311294629e-01	-1.319784814263569667e-19	1.764680710547903708e-01	7.428002376498742573e-19	-7.088071731777668971e-02	5.958579038861060109e-19	0.000000000000000000e+00	0.000000000000000000e+00	0.000000000000000000e+00	0.000000000000000000e+00	0.000000000000000000e+00	0.000000000000000000e+00	7.861872696558826590e+01
1.000000000000000056e-01	-2.417026766737935262e-01	1.651416136335927458e-19	4.752737175064665198e-01	7.045682689751911376e-18	-1.359421562776903791e-01	2.323576206194779021e-18	0.000000000000000000e+00	0.000000000000000000e+00	0.000000000000000000e+00	0.000000000000000000e+00	0.000000000000000000e+00	0.000000000000000000e+00	9.327859555343430031e+01
1.000000000000000000e+00	-3.018686465164786004e-01	-3.735907728833419525e-20	7.740793639581426966e-01	6.966953953129854838e-18	-2.010035952376043600e-01	5.602682010295603531e-19	0.000000000000000000e+00	0.000000000000000000e+00	0.000000000000000000e+00	0.000000000000000000e+00	0.000000000000000000e+00	0.000000000000000000e+00	1.060762768763438828e+02
1.000000000000000000e+01	-3.267902072186417706e-01	1.070034113233389581e-19	8.978487152320895337e-01	8.662317980114395265e-18	-2.279529256423109274e-01	2.335978678402363038e-18	0.000000000000000000e+00	0.000000000000000000e+00	0.000000000000000000e+00	0.000000000000000000e+00	0.000000000000000000e+00	0.000000000000000000e+00	1.206916703693729289e+02
1.000000000000000000e+02	-3.267902072186417706e-01	1.070034113233389581e-19	8.978487152320895337e-01	8.662317980114395265e-18	-2.279529256423109274e-01	2.335978678402363038e-18	0.000000000000000000e+00	0.000000000000000000e+00	0.000000000000000000e+00	0.000000000000000000e+00	0.000000000000000000e+00	0.000000000000000000e+00	1.539344102715903375e+02
1.000000000000000000e+03	-3.267902072186417706e-01	1.070034113233389581e-19	8.978487152320895337e-01	8.662317980114395265e-18	-2.279529256423109274e-01	2.335978678402363038e-18	0.000000000000000000e+00	0.000000000000000000e+00	0.000000000000000000e+00	0.000000000000000000e+00	0.000000000000000000e+00	0.000000000000000000e+00	2.192644144570184039e+02
1.000000000000000000e+04	-3.267902072186417706e-01	1.070034113233389581e-19	8.978487152320895337e-01	8.662317980114395265e-18	-2.279529256423109274e-01	2.335978678402363038e-18	0.000000000000000000e+00	0.000000000000000000e+00	0.000000000000000000e+00	0.000000000000000000e+00	0.000000000000000000e+00	0.000000000000000000e+00	3.104266064343532321e+02
1.000000000000000000e+05	-3.267902072186417706e-01	1.070034113233389581e-19	8.978487152320895337e-01	8.662317980114395265e-18	-2.279529256423109274e-01	2.335978678402363038e-18	0.000000000000000000e+00	0.000000000000000000e+00	0.000000000000000000e+00	0.000000000000000000e+00	0.000000000000000000e+00	0.000000000000000000e+00	4.000000000000000000e+02
AOA 120
1.000000000000000048e-04	-4.422815003087859909e-01	9.760206389446623626e-20	1.635618395131852032e-02	-5.484328403927291332e-21	-1.377023347638796358e-02	4.710782487193685676e-18	0.000000000000000000e+00	0.000000000000000000e+00	0.000000000000000000e+00	0.000000000000000000e+00	0.000000000000000000e+00	0.000000000000000000e+00	4.488687842826759322e+01
1.000000000000000021e-03	-4.422815003087859909e-01	9.760206389446623626e-20	1.635618395131852032e-02	-5.484328403927291332e-21	-1.377023347638796358e-02	4.710782487193685676e-18	0.000000000000000000e+00	0.000000000000000000e+00	0.000000000000000000e+00	0.000000000000000000e+00	0.000000000000000000e+00	0.000000000000000000e+00	6.282906385181639308e+01
1.000000000000000021e-02	-4.603632934194288318e-01	1.105774763942485154e-19	1.574654759124463344e-01	-1.264243308290475589e-18	-5.813050882632529032e-02	9.117434786340526290e-18	0.000000000000000000e+00	0.000000000000000000e+00	0.000000000000000000e+00	0.000000000000000000e+00	0.000000000000000000e+00	0.000000000000000000e+00	7.861872696558826590e+01
1.000000000000000056e-01	-5.040166035791976418e-01	3.368551894423998909e-20	4.981334423418641300e-01	2.851490131900206984e-18	-1.652256872067492943e-01	4.085266497593791200e-18	0.000000000000000000e+00	0.000000000000000000e+00	0.000000000000000000e+00	0.000000000000000000e+00	0.000000000000000000e+00	0.000000000000000000e+00	9.327859555343430031e+01
1.000000000000000000e+00	-5.476699137389912098e-01	9.247087804227960158e-21	8.388014087712516442e-01	-6.173195731844472357e-18	-2.723208655871730000e-01	5.081778177577071158e-18	0.000000000000000000e+00	0.000000000000000000e+00	0.000000000000000000e+00	0.000000000000000000e+00	0.000000000000000000e+00	0.000000000000000000e+00	1.060762768763438828e+02
1.000000000000000000e+01	-5.657517068496493717e-01	3.613941851041429824e-22	9.799107007324141527e-01	8.834874115176435705e-18	-3.166811409371104724e-01	-2.599126784371973727e-19	0.000000000000000000e+00	0.000000000000000000e+00	0.000000000000000000e+00	0.000000000000000000e+00	0.000000000000000000e+00	0.000000000000000000e+00	1.206916703693729289e+02
1.000000000000000000e+02	-5.657517068496493717e-01	3.613941851041429824e-22	9.799107007324141527e-01	8.834874115176435705e-18	-3.166811409371104724e-01	-2.599126784371973727e-19	0.000000000000000000e+00	0.000000000000000000e+00	0.000000000000000000e+00	0.000000000000000000e+00	0.000000000000000000e+00	0.000000000000000000e+00	1.539344102715903375e+02
1.000000000000000000e+03	-5.657517068496493717e-01	3.613941851041429824e-22	9.799107007324141527e-01	8.834874115176435705e-18	-3.166811409371104724e-01	-2.599126784371973727e-19	0.000000000000000000e+00	0.000000000000000000e+00	0.000000000000000000e+00	0.000000000000000000e+00	0.000000000000000000e+00	0.000000000000000000e+00	2.192644144570184039e+02
1.000000000000000000e+04	-5.657517068496493717e-01	3.613941851041429824e-22	9.799107007324141527e-01	8.834874115176435705e-18	-3.166811409371104724e-01	-2.599126784371973727e-19	0.000000000000000000e+00	0.000000000000000000e+00	0.000000000000000000e+00	0.000000000000000000e+00	0.000000000000000000e+00	0.000000000000000000e+00	3.104266064343532321e+02
1.000000000000000000e+05	-5.657517068496493717e-01	3.613941851041429824e-22	9.799107007324141527e-01	8.834874115176435705e-18	-3.166811409371104724e-01	-2.599126784371973727e-19	0.000000000000000000e+00	0.000000000000000000e+00	0.000000000000000000e+00	0.000000000000000000e+00	0.000000000000000000e+00	0.000000000000000000e+00	4.000000000000000000e+02
AOA 130
1.000000000000000048e-04	-7.586379993901538610e-01	3.466710047425598689e-20	1.164597466867086728e-03	6.556985072521940330e-22	-9.914376704115474177e-04	-2.946396006184328995e-18	0.000000000000000000e+00	0.000000000000000000e+00	0.000000000000000000e+00	0.000000000000000000e+00	0.000000000000000000e+00	0.000000000000000000e+00	4.488687842826759322e+01
1.000000000000000021e-03	-7.586379993901538610e-01	3.466710047425598689e-20	1.164597466867086728e-03	6.556985072521940330e-22	-9.914376704115474177e-04	-2.946396006184328995e-18	0.000000000000000000e+00	0.000000000000000000e+00	0.000000000000000000e+00	0.000000000000000000e+00	0.000000000000000000e+00	0.000000000000000000e+00	6.282906385181639308e+01
1.000000000000000021e-02	-7.710441892990795854e-01	2.927893404983340869e-20	1.481829472884031718e-01	3.660886252925587424e-18	-5.715918965005732655e-02	6.699491943783693157e-18	0.000000000000000000e+00	0.000000000000000000e+00	0.000000000000000000e+00	0.000000000000000000e+00	0.000000000000000000e+00	0.000000000000000000e+00	7.861872696558826590e+01
1.000000000000000056e-01	-8.009953812345841362e-01	1.921035097370364562e-20	5.031166413452583530e-01	4.863926057061245353e-19	-1.927601382473264624e-01	-2.849333180211931537e-18	0.000000000000000000e+00	0.000000000000000000e+00	0.000000000000000000e+00	0.000000000000000000e+00	0.000000000000000000e+00	0.000000000000000000e+00	9.327859555343430031e+01
1.000000000000000000e+00	-8.309465731700663715e-01	4.762566178897361555e-21	8.580503354021229434e-01	8.856443632059190183e-18	-3.283610868445964726e-01	-5.910047625874861572e-19	0.000000000000000000e+00	0.000000000000000000e+00	0.000000000000000000e+00	0.000000000000000000e+00	0.000000000000000000e+00	0.000000000000000000e+00	1.060762768763438828e+02
1.000000000000000000e+01	-8.433527630790016438e-01	2.003756269854464206e-21	1.005068685223649672e+00	4.723724197323338363e-18	-3.845288388242419364e-01	1.856272622929892680e-17	0.000000000000000000e+00	0.000000000000000000e+00	0.000000000000000000e+00	0.000000000000000000e+00	0.000000000000000000e+00	0.000000000000000000e+00	1.206916703693729289e+02
1.000000000000000000e+02	-8.433527630790016438e-01	2.003756269854464206e-21	1.005068685223649672e+00	4.723724197323338363e-18	-3.845288388242419364e-01	1.856272622929892680e-17	0.000000000000000000e+00	0.000000000000000000e+00	0.000000000000000000e+00	0.000000000000000000e+00	0.000000000000000000e+00	0.000000000000000000e+00	1.539344102715903375e+02
1.000000000000000000e+03	-8.433527630790016438e-01	2.003756269854464206e-21	1.005068685223649672e+00	4.723724197323338363e-18	-3.845288388242419364e-01	1.856272622929892680e-17	0.000000000000000000e+00	0.000000000000000000e+00	0.000000000000000000e+00	0.000000000000000000e+00	0.000000000000000000e+00	0.000000000000000000e+00	2.192644144570184039e+02
1.000000000000000000e+04	-8.433527630790016438e-01	2.003756269854464206e-21	1.005068685223649672e+00	4.723724197323338363e-18	-3.845288388242419364e-01	1.856272622929892680e-17	0.000000000000000000e+00	0.000000000000000000e+00	0.000000000000000000e+00	0.000000000000000000e+00	0.000000000000000000e+00	0.000000000000000000e+00	3.104266064343532321e+02
1.000000000000000000e+05	-8.433527630790016438e-01	2.003756269854464206e-21	1.005068685223649672e+00	4.723724197323338363e-18	-3.845288388242419364e-01	1.856272622929892680e-17	0.000000000000000000e+00	0.000000000000000000e+00	0.000000000000000000e+00	0.000000000000000000e+00	0.000000000000000000e+00	0.000000000000000000e+00	4.000000000000000000e+02
AOA 140
1.000000000000000048e-04	-1.079169499364729168e+00	-0.000000000000000000e+00	-0.000000000000000000e+00	0.000000000000000000e+00	-2.229425265001553610e-17	5.733177587436271007e-18	0.000000000000000000e+00	0.000000000000000000e+00	0.000000000000000000e+00	0.000000000000000000e+00	0.000000000000000000e+00	0.000000000000000000e+00	4.488687842826759322e+01
1.000000000000000021e-03	-1.079169499364729168e+00	-0.000000000000000000e+00	-0.000000000000000000e+00	0.000000000000000000e+00	-2.229425265001553610e-17	5.733177587436271007e-18	0.000000000000000000e+00	0.000000000000000000e+00	0.000000000000000000e+00	0.000000000000000000e+00	0.000000000000000000e+00	0.000000000000000000e+00	6.282906385181639308e+01
1.000000000000000021e-02	-1.093005581463342590e+00	-0.000000000000000000e+00	1.442217563460960472e-01	3.660886252925587424e-18	-5.768870253843771945e-02	9.283520066337739617e-18	0.000000000000000000e+00	0.000000000000000000e+00	0.000000000000000000e+00	0.000000000000000000e+00	0.000000000000000000e+00	0.000000000000000000e+00	7.861872696558826590e+01
1.000000000000000056e-01	-1.126408838515804867e+00	-0.000000000000000000e+00	4.924038765060975154e-01	-9.533726462177696560e-19	-1.969615506024412765e-01	3.433867087734590966e-18	0.000000000000000000e+00	0.000000000000000000e+00	0.000000000000000000e+00	0.000000000000000000e+00	0.000000000000000000e+00	0.000000000000000000e+00	9.327859555343430031e+01
1.000000000000000000e+00	-1.159812095568353962e+00	-0.000000000000000000e+00	8.405859966661120009e-01	8.856443632059190183e-18	-3.362343986664453888e-01	-3.179346788518082357e-18	0.000000000000000000e+00	0.000000000000000000e+00	0.000000000000000000e+00	0.000000000000000000e+00	0.000000000000000000e+00	0.000000000000000000e+00	1.060762768763438828e+02
1.000000000000000000e+01	-1.173648177666921644e+00	-0.000000000000000000e+00	9.848077530121950307e-01	4.723724197323338363e-18	-3.939231012048834968e-01	8.890954859071598887e-18	0.000000000000000000e+00	0.000000000000000000e+00	0.000000000000000000e+00	0.000000000000000000e+00	0.000000000000000000e+00	0.000000000000000000e+00	1.206916703693729289e+02
1.000000000000000000e+02	-1.173648177666921644e+00	-0.000000000000000000e+00	9.848077530121950307e-01	4.723724197323338363e-18	-3.939231012048834968e-01	8.890954859071598887e-18	0.000000000000000000e+00	0.000000000000000000e+00	0.000000000000000000e+00	0.000000000000000000e+00	0.000000000000000000e+00	0.000000000000000000e+00	1.539344102715903375e+02
1.000000000000000000e+03	-1.173648177666921644e+00	-0.000000000000000000e+00	9.848077530121950307e-01	4.723724197323338363e-18	-3.939231012048834968e-01	8.890954859071598887e-18	0.000000000000000000e+00	0.000000000000000000e+00	0.000000000000000000e+00	0.000000000000000000e+00	0.000000000000000000e+00	0.000000000000000000e+00	2.192644144570184039e+02
1.000000000000000000e+04	-1.173648177666921644e+00	-0.000000000000000000e+00	9.848077530121950307e-01	4.723724197323338363e-18	-3.939231012048834968e-01	8.890954859071598887e-18	0.000000000000000000e+00	0.000000000000000000e+00	0.000000000000000000e+00	0.000000000000000000e+00	0.000000000000000000e+00	0.000000000000000000e+00	3.104266064343532321e+02
1.000000000000000000e+05	-1.173648177666921644e+00	-0.000000000000000000e+00	9.848077530121950307e-01	4.723724197323338363e-18	-3.939231012048834968e-01	8.890954859071598887e-18	0.000000000000000000e+00	0.000000000000000000e+00	0.000000000000000000e+00	0.000000000000000000e+00	0.000000000000000000e+00	0.000000000000000000e+00	4.000000000000000000e+02
AOA 150
1.000000000000000048e-04	-1.379250000000000309e+00	-0.000000000000000000e+00	-0.000000000000000000e+00	0.000000000000000000e+00	-3.547754136875537148e-17	-2.359705146973393734e-18	0.000000000000000000e+00	0.000000000000000000e+00	0.000000000000000000e+00	0.000000000000000000e+00	0.000000000000000000e+00	0.000000000000000000e+00	4.488687842826759322e+01
1.000000000000000021e-03	-1.379250000000000309e+00	-0.000000000000000000e+00	-0.000000000000000000e+00	0.000000000000000000e+00	-3.547754136875537148e-17	-2.359705146973393734e-18	0.000000000000000000e+00	0.000000000000000000e+00	0.000000000000000000e+00	0.000000000000000000e+00	0.000000000000000000e+00	0.000000000000000000e+00	6.282906385181639308e+01
1.000000000000000021e-02	-1.396933428085870732e+00	-0.000000000000000000e+00	1.268264840443230623e-01	-1.264243308290475589e-18	-5.073059361772878223e-02	1.401155816703762887e-17	0.000000000000000000e+00	0.000000000000000000e+00	0.000000000000000000e+00	0.000000000000000000e+00	0.000000000000000000e+00	0.000000000000000000e+00	7.861872696558826590e+01
1.000000000000000056e-01	-1.439624999999993937e+00	-0.000000000000000000e+00	4.330127018922387272e-01	2.851490131900206984e-18	-1.732050807568882023e-01	1.608654569115865735e-17	0.000000000000000000e+00	0.000000000000000000e+00	0.000000000000000000e+00	0.000000000000000000e+00	0.000000000000000000e+00	0.000000000000000000e+00	9.327859555343430031e+01
1.000000000000000000e+00	-1.482316571914163328e+00	-0.000000000000000000e+00	7.391989197401207523e-01	-1.435451348547343200e-17	-2.956795678960468798e-01	9.244694935948780017e-18	0.000000000000000000e+00	0.000000000000000000e+00	0.000000000000000000e+00	0.000000000000000000e+00	0.000000000000000000e+00	0.000000000000000000e+00	1.060762768763438828e+02
1.000000000000000000e+01	-1.500000000000048628e+00	-0.000000000000000000e+00	8.660254037844774544e-01	8.834874115176435705e-18	-3.464101615137756274e-01	-9.525098655424594384e-18	0.000000000000000000e+00	0.000000000000000000e+00	0.000000000000000000e+00	0.000000000000000000e+00	0.000000000000000000e+00	0.000000000000000000e+00	1.206916703693729289e+02
1.000000000000000000e+02	-1.500000000000048628e+00	-0.000000000000000000e+00	8.660254037844774544e-01	8.834874115176435705e-18	-3.464101615137756274e-01	-9.525098655424594384e-18	0.000000000000000000e+00	0.000000000000000000e+00	0.000000000000000000e+00	0.000000000000000000e+00	0.000000000000000000e+00	0.000000000000000000e+00	1.539344102715903375e+02
1.000000000000000000e+03	-1.500000000000048628e+00	-0.000000000000000000e+00	8.660254037844774544e-01	8.834874115176435705e-18	-3.464101615137756274e-01	-9.525098655424594384e-18	0.000000000000000000e+00	0.000000000000000000e+00	0.000000000000000000e+00	0.000000000000000000e+00	0.000000000000000000e+00	0.000000000000000000e+00	2.192644144570184039e+02
1.000000000000000000e+04	-1.500000000000048628e+00	-0.000000000000000000e+00	8.660254037844774544e-01	8.834874115176435705e-18	-3.464101615137756274e-01	-9.525098655424594384e-18	0.000000000000000000e+00	0.000000000000000000e+00	0.000000000000000000e+00	0.000000000000000000e+00	0.000000000000000000e+00	0.000000000000000000e+00	3.104266064343532321e+02
1.000000000000000000e+05	-1.500000000000048628e+00	-0.000000000000000000e+00	8.660254037844774544e-01	8.834874115176435705e-18	-3.464101615137756274e-01	-9.525098655424594384e-18	0.000000000000000000e+00	0.000000000000000000e+00	0.000000000000000000e+00	0.000000000000000000e+00	0.000000000000000000e+00	0.000000000000000000e+00	4.000000000000000000e+02
AOA 160
1.000000000000000048e-04	-1.623877865447912017e+00	-0.000000000000000000e+00	-0.000000000000000000e+00	0.000000000000000000e+00	2.208718528794108926e-18	2.877373552159512742e-18	0.000000000000000000e+00	0.000000000000000000e+00	0.000000000000000000e+00	0.000000000000000000e+00	0.000000000000000000e+00	0.000000000000000000e+00	4.488687842826759322e+01
1.000000000000000021e-03	-1.623877865447912017e+00	-0.000000000000000000e+00	-0.000000000000000000e+00	0.000000000000000000e+00	2.208718528794108926e-18	2.877373552159512742e-18	0.000000000000000000e+00	0.000000000000000000e+00	0.000000000000000000e+00	0.000000000000000000e+00	0.000000000000000000e+00	0.000000000000000000e+00	6.282906385181639308e+01
1.000000000000000021e-02	-1.644697678718743283e+00	-0.000000000000000000e+00	9.413406600724719131e-02	-1.150194487772908690e-18	-3.765362640289914714e-02	-4.313903376550993997e-21	0.000000000000000000e+00	0.000000000000000000e+00	0.000000000000000000e+00	0.000000000000000000e+00	0.000000000000000000e+00	0.000000000000000000e+00	7.861872696558826590e+01
1.000000000000000056e-01	-1.694961154283446625e+00	-0.000000000000000000e+00	3.213938048432729566e-01	5.214430706406013890e-18	-1.285575219373077671e-01	1.295896574315918573e-17	0.000000000000000000e+00	0.000000000000000000e+00	0.000000000000000000e+00	0.000000000000000000e+00	0.000000000000000000e+00	0.000000000000000000e+00	9.327859555343430031e+01
1.000000000000000000e+00	-1.745224629848114883e+00	-0.000000000000000000e+00	5.486535436792996379e-01	9.346071665297728371e-18	-2.194614174717172128e-01	2.410609206816695532e-17	0.000000000000000000e+00	0.000000000000000000e+00	0.000000000000000000e+00	0.000000000000000000e+00	0.000000000000000000e+00	0.000000000000000000e+00	1.060762768763438828e+02
1.000000000000000000e+01	-1.766044443118956142e+00	-0.000000000000000000e+00	6.427876096865459132e-01	1.307975503770261389e-17	-2.571150438746163114e-01	1.659127238621512290e-17	0.000000000000000000e+00	0.000000000000000000e+00	0.000000000000000000e+00	0.000000000000000000e+00	0.000000000000000000e+00	0.000000000000000000e+00	1.206916703693729289e+02
1.000000000000000000e+02	-1.766044443118956142e+00	-0.000000000000000000e+00	6.427876096865459132e-01	1.307975503770261389e-17	-2.571150438746163114e-01	1.659127238621512290e-17	0.000000000000000000e+00	0.000000000000000000e+00	0.000000000000000000e+00	0.000000000000000000e+00	0.000000000000000000e+00	0.000000000000000000e+00	1.539344102715903375e+02
1.000000000000000000e+03	-1.766044443118956142e+00	-0.000000000000000000e+00	6.427876096865459132e-01	1.307975503770261389e-17	-2.571150438746163114e-01	1.659127238621512290e-17	0.000000000000000000e+00	0.000000000000000000e+00	0.000000000000000000e+00	0.000000000000000000e+00	0.000000000000000000e+00	0.000000000000000000e+00	2.192644144570184039e+02
1.000000000000000000e+04	-1.766044443118956142e+00	-0.000000000000000000e+00	6.427876096865459132e-01	1.307975503770261389e-17	-2.571150438746163114e-01	1.659127238621512290e-17	0.000000000000000000e+00	0.000000000000000000e+00	0.000000000000000000e+00	0.000000000000000000e+00	0.000000000000000000e+00	0.000000000000000000e+00	3.104266064343532321e+02
1.000000000000000000e+05	-1.766044443118956142e+00	-0.000000000000000000e+00	6.427876096865459132e-01	1.307975503770261389e-17	-2.571150438746163114e-01	1.659127238621512290e-17	0.000000000000000000e+00	0.000000000000000000e+00	0.000000000000000000e+00	0.000000000000000000e+00	0.000000000000000000e+00	0.000000000000000000e+00	4.000000000000000000e+02
AOA 170
1.000000000000000048e-04	-1.783547364812678948e+00	-0.000000000000000000e+00	-0.000000000000000000e+00	0.000000000000000000e+00	-2.940356541457157511e-17	3.640934449809038954e-17	0.000000000000000000e+00	0.000000000000000000e+00	0.000000000000000000e+00	0.000000000000000000e+00	0.000000000000000000e+00	0.000000000000000000e+00	4.488687842826759322e+01
1.000000000000000021e-03	-1.783547364812678948e+00	-0.000000000000000000e+00	-0.000000000000000000e+00	0.000000000000000000e+00	-2.940356541457157511e-17	3.640934449809038954e-17	0.000000000000000000e+00	0.000000000000000000e+00	0.000000000000000000e+00	0.000000000000000000e+00	0.000000000000000000e+00	0.000000000000000000e+00	6.282906385181639308e+01
1.000000000000000021e-02	-1.806414308124846047e+00	-0.000000000000000000e+00	5.008769033884569177e-02	7.779855120648683168e-19	-2.003507613553875619e-02	2.008984802459797768e-17	0.000000000000000000e+00	0.000000000000000000e+00	0.000000000000000000e+00	0.000000000000000000e+00	0.000000000000000000e+00	0.000000000000000000e+00	7.861872696558826590e+01
1.000000000000000056e-01	-1.861619992799286694e+00	-0.000000000000000000e+00	1.710100716628334960e-01	1.805368563086590958e-18	-6.840402866513392577e-02	1.107810387098295218e-17	0.000000000000000000e+00	0.000000000000000000e+00	0.000000000000000000e+00	0.000000000000000000e+00	0.000000000000000000e+00	0.000000000000000000e+00	9.327859555343430031e+01
1.000000000000000000e+00	-1.916825677473648293e+00	-0.000000000000000000e+00	2.919324529868187468e-01	3.280723517867030711e-18	-1.167729811947290780e-01	3.471829437448240155e-17	0.000000000000000000e+00	0.000000000000000000e+00	0.000000000000000000e+00	0.000000000000000000e+00	0.000000000000000000e+00	0.000000000000000000e+00	1.060762768763438828e+02
1.000000000000000000e+01	-1.939692620785871346e+00	-0.000000000000000000e+00	3.420201433256669921e-01	4.130562483047576758e-19	-1.368080573302676850e-01	1.002119754372795814e-17	0.000000000000000000e+00	0.000000000000000000e+00	0.000000000000000000e+00	0.000000000000000000e+00	0.000000000000000000e+00	0.000000000000000000e+00	1.206916703693729289e+02
1.000000000000000000e+02	-1.939692620785871346e+00	-0.000000000000000000e+00	3.420201433256669921e-01	4.130562483047576758e-19	-1.368080573302676850e-01	1.002119754372795814e-17	0.000000000000000000e+00	0.000000000000000000e+00	0.000000000000000000e+00	0.000000000000000000e+00	0.000000000000000000e+00	0.000000000000000000e+00	1.539344102715903375e+02
1.000000000000000000e+03	-1.939692620785871346e+00	-0.000000000000000000e+00	3.420201433256669921e-01	4.130562483047576758e-19	-1.368080573302676850e-01	1.002119754372795814e-17	0.000000000000000000e+00	0.000000000000000000e+00	0.000000000000000000e+00	0.000000000000000000e+00	0.000000000000000000e+00	0.000000000000000000e+00	2.192644144570184039e+02
1.000000000000000000e+04	-1.939692620785871346e+00	-0.000000000000000000e+00	3.420201433256669921e-01	4.130562483047576758e-19	-1.368080573302676850e-01	1.002119754372795814e-17	0.000000000000000000e+00	0.000000000000000000e+00	0.000000000000000000e+00	0.000000000000000000e+00	0.000000000000000000e+00	0.000000000000000000e+00	3.104266064343532321e+02
1.000000000000000000e+05	-1.939692620785871346e+00	-0.000000000000000000e+00	3.420201433256669921e-01	4.130562483047576758e-19	-1.368080573302676850e-01	1.002119754372795814e-17	0.000000000000000000e+00	0.000000000000000000e+00	0.000000000000000000e+00	0.000000000000000000e+00	0.000000000000000000e+00	0.000000000000000000e+00	4.000000000000000000e+02
AOA 180
1.000000000000000048e-04	-1.839000000000063695e+00	-0.000000000000000000e+00	-0.000000000000000000e+00	0.000000000000000000e+00	-4.679722382882517996e-17	1.622027669583173665e-18	0.000000000000000000e+00	0.000000000000000000e+00	0.000000000000000000e+00	0.000000000000000000e+00	0.000000000000000000e+00	0.000000000000000000e+00	4.488687842826759322e+01
1.000000000000000021e-03	-1.839000000000063695e+00	-0.000000000000000000e+00	-0.000000000000000000e+00	0.000000000000000000e+00	-4.679722382882517996e-17	1.622027669583173665e-18	0.000000000000000000e+00	0.000000000000000000e+00	0.000000000000000000e+00	0.000000000000000000e+00	0.000000000000000000e+00	0.000000000000000000e+00	6.282906385181639308e+01
1.000000000000000021e-02	-1.862577904114496086e+00	-0.000000000000000000e+00	-0.000000000000000000e+00	0.000000000000000000e+00	-2.926552050652194029e-17	7.204218638840160057e-19	0.000000000000000000e+00	0.000000000000000000e+00	0.000000000000000000e+00	0.000000000000000000e+00	0.000000000000000000e+00	0.000000000000000000e+00	7.861872696558826590e+01
1.000000000000000056e-01	-1.919499999999974005e+00	-0.000000000000000000e+00	-0.000000000000000000e+00	0.000000000000000000e+00	-3.520145155265610800e-17	-2.939493760781847023e-17	0.000000000000000000e+00	0.000000000000000000e+00	0.000000000000000000e+00	0.000000000000000000e+00	0.000000000000000000e+00	0.000000000000000000e+00	9.327859555343430031e+01
1.000000000000000000e+00	-1.976422095885539854e+00	-0.000000000000000000e+00	-0.000000000000000000e+00	0.000000000000000000e+00	-5.797886138084535980e-18	3.627129959004075473e-17	0.000000000000000000e+00	0.000000000000000000e+00	0.000000000000000000e+00	0.000000000000000000e+00	0.000000000000000000e+00	0.000000000000000000e+00	1.060762768763438828e+02
1.000000000000000000e+01	-2.000000000000019096e+00	-0.000000000000000000e+00	-0.000000000000000000e+00	0.000000000000000000e+00	9.525098655424594384e-18	1.931334541681880109e-17	0.000000000000000000e+00	0.000000000000000000e+00	0.000000000000000000e+00	0.000000000000000000e+00	0.000000000000000000e+00	0.000000000000000000e+00	1.206916703693729289e+02
1.000000000000000000e+02	-2.000000000000019096e+00	-0.000000000000000000e+00	-0.000000000000000000e+00	0.000000000000000000e+00	9.525098655424594384e-18	1.931334541681880109e-17	0.000000000000000000e+00	0.000000000000000000e+00	0.000000000000000000e+00	0.000000000000000000e+00	0.000000000000000000e+00	0.000000000000000000e+00	1.539344102715903375e+02
1.000000000000000000e+03	-2.000000000000019096e+00	-0.000000000000000000e+00	-0.000000000000000000e+00	0.000000000000000000e+00	9.525098655424594384e-18	1.931334541681880109e-17	0.000000000000000000e+00	0.000000000000000000e+00	0.000000000000000000e+00	0.000000000000000000e+00	0.000000000000000000e+00	0.000000000000000000e+00	2.192644144570184039e+02
1.000000000000000000e+04	-2.000000000000019096e+00	-0.000000000000000000e+00	-0.000000000000000000e+00	0.000000000000000000e+00	9.525098655424594384e-18	1.931334541681880109e-17	0.000000000000000000e+00	0.000000000000000000e+00	0.000000000000000000e+00	0.000000000000000000e+00	0.000000000000000000e+00	0.000000000000000000e+00	3.104266064343532321e+02
1.000000000000000000e+05	-2.000000000000019096e+00	-0.000000000000000000e+00	-0.000000000000000000e+00	0.000000000000000000e+00	9.525098655424594384e-18	1.931334541681880109e-17	0.000000000000000000e+00	0.000000000000000000e+00	0.000000000000000000e+00	0.000000000000000000e+00	0.000000000000000000e+00	0.000000000000000000e+00	4.000000000000000000e+02
